0 1 0 -0.0846705 -0.0484914 0.444477 3362.48 -69.9144 0 78.5422 0 26650.2  
1 2 0 -0.116545 0.00651603 0.315274 2182.77 -1044.52 0 592.471 0 42155.8  
2 3 0 -0.0114811 -0.0192455 0.339823 2163.39 -1841.41 0 1952.64 0 17065.9  
3 4 0 -0.0776077 -0.0241246 0.323736 433.643 -653.469 0 1351.02 0 24097.4  
4 5 0 -0.258629 -0.048229 0.30857 385.632 -668.254 0 3453.93 0 21423.2  
5 6 0 -0.295656 -0.00299379 0.0564846 152.65 345.247 -0 2476.51 -0 28841.4  
6 7 0 -0.334183 0.00738514 -0.0389852 494.621 918.423 -0 3860.64 -0 21481.5  
7 8 0 -0.33227 0.0200006 -0.0984764 386.162 412.99 -0 3611.1 -0 21482.3  
8 9 0 -0.302012 0.00974241 -0.0450261 324.432 412.862 -0 3746.78 -0 21436.9  
9 10 0 -0.312172 0.0062722 -0.0285418 316.155 252.652 -0 3756.78 -0 21509.6  
10 11 0 -0.304738 -0.00997002 0.0901385 375.288 16.4389 -0 3691.97 -0 27148.4  
11 12 0 -0.301492 0.0128401 -0.0641011 479.579 300.738 -0 3426.56 -0 42392.1  
12 13 0 -0.3006 -0.000495649 0.000142544 477.612 538.94 -0 3822.23 -0 42405.5  
13 14 0 -0.302287 0.00727535 -0.0331112 769.663 701.431 -0 3951.1 -0 42444.5  
14 15 0 -0.301234 -0.000530207 0.000303184 1084.06 134.806 -0 3036.08 -0 42760.1  
15 16 0 -0.306696 -0.000513632 0.000187201 1407.79 578.742 -0 3378.29 -0 42979.7  
16 17 0 -0.300957 -0.000502962 0.000189902 1561.55 496.358 -0 1625.91 -0 43260  
17 18 0 -0.119215 -0.0170139 0.310885 1527.39 621.94 -0 3618.19 -0 57156.6  
18 19 0 -0.115647 -0.0200309 0.303509 1981.36 596.925 -0 1930.42 -0 57446.5  
19 20 0 -0.105368 -0.0226754 0.301741 1393.53 -125.252 0 2090.44 0 42984  
20 21 0 -0.115097 -0.0243656 0.310663 1670.24 -202.078 0 2122.67 0 56936  
21 22 0 -0.164481 -0.0307027 0.310553 2395.09 -771.791 0 3150.35 0 56750.5  
22 23 0 -0.304826 -0.00650199 0.0182372 1587.01 -870.157 0 4414.62 0 42487  
23 24 0 -0.299385 -0.0228113 0.0841745 1546.05 -818.104 0 4425.16 0 42176.5  
24 25 0 -0.305582 0.00602083 -0.0542229 1625.94 927.391 -0 4303.46 -0 21245  
25 26 0 -0.300581 -0.000398571 -0.000382769 1747.02 -598.757 0 1983.44 0 21178.4  
26 27 0 -0.300541 0.00334988 -0.0128952 1582.66 -278.014 0 3455.84 0 21168.5  
27 28 0 -0.302753 0.00334977 -0.0506239 1688.92 -522.917 0 2415.35 0 15506.6  
28 29 0 -0.280667 0.00811383 -0.303048 1802.4 -393.107 0 1757.17 0 15536  
29 30 0 -0.0106545 0.00888421 -0.306505 2146.69 -327.68 0 1633.37 0 21297.3  
30 31 0 -0.30133 -0.0233012 0.294066 1366.22 66.5956 -0 2091.57 -0 21261.5  
31 32 0 -0.24051 -0.0408842 0.323131 1268.83 -384.995 0 2096.76 0 15587.1  
32 33 0 -0.24872 -0.0477342 0.342883 1575.38 -696.519 0 3573.08 0 12754.8  
33 34 0 -0.11932 -0.0252931 0.330754 1512.41 98.1263 -0 4158.53 -0 12685.4  
34 35 0 -0.111056 -0.0238913 0.319668 1895.33 890.775 -0 3853.01 -0 12684.9  
35 36 0 -0.0670484 -0.0155346 0.313447 2673.19 993.776 -0 2596.62 -0 12682.7  
36 37 0 -0.0117619 -0.00548502 0.317039 1714.95 359.17 -0 2168.91 -0 10003.8  
37 38 0 -0.0327679 -0.00996905 0.335832 1953.85 413.178 -0 1934.73 -0 12670.8  
38 39 0 0.00704727 -0.00844015 0.3844 2057.74 80.5745 -0 636.732 -0 9312.01  
39 40 0 0.00297165 -0.00653939 0.302124 2498.82 -209.268 0 1781.17 0 15351.7  
40 41 0 -0.0188464 -0.013279 0.40159 2345.52 -389.889 0 1989.52 0 11070.7  
39 41 1 -0.01107 -0.0248246 0.703714 2535.52 -219.721 0 1799.53 0 11070.7  
41 42 0 0.00489233 -0.00704037 0.32099 919.532 -557.166 0 2056.66 0 9352.26  
42 43 0 -0.0165022 -0.00525468 0.299929 2162.58 476.001 -0 1794.48 -0 15310.2  
41 43 1 -0.00910908 -0.0172332 0.620919 1840.92 491.441 -0 2116.15 -0 15310.2  
43 44 0 0.0146665 -0.0127112 0.386365 2139.79 327.126 -0 2149.82 -0 9989.22  
44 45 0 0.00419052 -0.00520939 0.446485 1521.92 89.297 -0 2568.81 -0 12647.2  
36 45 1 0.00184071 -0.030043 -3.08843 1738.92 433.657 -0 2351.81 -0 12647.2  
45 46 0 -0.00149839 -0.00827794 0.439515 1799.36 480.234 -0 2282.01 -0 9988.66  
46 47 0 -0.0448536 -0.0158734 0.268881 2145.38 395.856 -0 1820 -0 8522.66  
47 48 0 -0.0418158 -0.00876168 0.311933 2508.62 333.534 -0 1652.45 -0 12654  
48 49 0 0.00325704 -0.00489875 0.310846 2438.37 2.33769 -0 1572.97 -0 8520.58  
49 50 0 0.00292193 -0.00448948 0.305975 1209 -485.962 0 1130.27 0 9314.94  
50 51 0 -0.0155495 -0.012359 0.435911 2272.81 -498.965 0 1862.99 0 11069.7  
49 51 1 -0.00818253 -0.0209583 0.741886 2522.26 -290.706 0 1613.54 0 11069.7  
51 52 0 -0.0321535 -0.0114939 0.308592 2294.56 460.939 -0 1788.29 -0 11387  
52 53 0 0.00368589 -0.00627386 0.318409 1591.63 -240.581 0 2588.79 0 9967.14  
53 54 0 0.00271031 -0.00549811 0.300447 1541.39 108.902 -0 2624.65 -0 9982.39  
54 55 0 0.0198854 -0.0215403 0.331005 1388.02 685.186 -0 957.17 -0 10637.8  
50 55 1 -0.00158489 -0.0237537 1.69436 699.263 -540.226 0 1645.93 0 10637.8  
55 56 0 0.00341191 -0.0084952 0.40036 1799.64 616.438 -0 1011.7 -0 11302.6  
50 56 1 0.006425 -0.0193208 2.09472 1174.47 -694.085 0 1636.88 0 11302.6  
56 57 0 0.00209153 -0.00863256 0.439391 2133.33 0.444516 -0 402.83 -0 10637.7  
47 57 1 -0.0139592 -0.0119721 -2.82032 2109.4 -202.071 0 426.757 0 10637.7  
57 58 0 0.0182106 0.00668694 0.544599 1629.52 -376.271 0 836.2 0 10719.2  
56 58 1 0.0157278 0.00516577 0.98399 1775.68 65.3185 -0 690.041 -0 10719.2  
58 59 0 -0.0178057 -0.0220252 0.325985 1196.01 -718.99 0 2358.15 0 8011.42  
35 59 1 -0.0183436 0.0365096 2.26686 1721.23 922.752 -0 1832.94 -0 8011.42  
59 60 0 -0.023866 -0.00622461 0.348808 1502.22 -243.187 0 3938.15 0 9957.99  
60 61 0 0.00269017 -0.00645656 0.262977 828.053 186.063 -0 2617.08 -0 11391.1  
57 61 1 0.0107607 -0.0433348 1.48237 2284.84 -720.152 0 1160.29 0 11391.1  
61 62 0 0.00279347 -0.00568435 0.33111 1596.85 144.473 -0 1641.27 -0 11115.2  
59 62 1 -0.0135797 -0.0144219 0.942894 1475.65 28.2795 -0 1762.47 -0 11115.2  
62 63 0 0.00304687 -0.00559867 0.312214 1255.94 381.155 -0 2713.47 -0 9954.03  
61 63 1 0.00749493 -0.0099884 0.643323 1175.62 -147.507 0 2793.79 0 9954.03  
63 64 0 0.000701581 0.00414971 0.299324 1766.65 69.7371 -0 1514.93 -0 9938.77  
59 64 1 -0.0109858 -0.0132898 1.55443 1498.04 17.9965 -0 1783.55 -0 9938.77  
64 65 0 0.00340889 -0.0139408 0.317507 1658.13 482.966 -0 1763.76 -0 8473.17  
48 65 1 0.00122792 0.0137596 -0.389728 2179.8 127.361 -0 1242.09 -0 8473.17  
65 66 0 0.00403719 -0.00631022 0.339034 1905.38 107.561 -0 1580.94 -0 8493.47  
61 66 1 0.0260922 -0.00976629 1.59919 1548.64 6.96576 -0 1937.68 -0 8493.47  
66 67 0 0.00942717 0.00173812 0.31467 1672.48 -142.918 0 1620.02 0 8483.71  
61 67 1 0.0240872 -0.000392263 1.91386 1611.95 141.199 -0 1680.55 -0 8483.71  
67 68 0 -0.0188928 -0.0172463 0.277008 1391.52 -811.896 0 1211.77 0 11363.5  
49 68 1 -0.00745415 -0.0070928 0.230138 1315.13 -816.744 0 1288.16 0 11363.5  
68 69 0 0.00329089 -0.00393943 0.343471 1117.24 -537.186 0 1407.24 0 10636  
56 69 1 0.020733 0.00432859 -1.82709 1815.43 59.7689 -0 709.05 -0 10636  
69 70 0 -0.0310646 -0.00472272 0.316891 958.959 -349.771 0 2040 0 8114.59  
52 70 1 0.0161146 0.0124161 -0.159977 901.447 238.45 -0 2097.52 -0 8114.59  
70 71 0 0.0023516 -0.0153415 0.321505 1347.73 -180.392 0 1732.65 0 9938.56  
51 71 1 -0.0159738 -0.00959426 0.470119 1409 -228.848 0 1671.37 0 9938.56  
71 72 0 -0.0140387 -0.00114959 0.302466 1621.52 147.768 -0 1686.68 -0 8475.35  
52 72 1 0.0023212 -0.00649653 0.463993 1576.3 129.782 -0 1731.9 -0 8475.35  
72 73 0 0.0201565 -0.0199049 0.310122 1317.74 616.876 -0 1650.16 -0 11053.9  
55 73 1 -0.00319391 0.00683805 -0.175746 1899.69 485.1 -0 1068.21 -0 11053.9  
73 74 0 -0.0316318 0.00958017 0.311765 1589.83 126.087 -0 2033.44 -0 11034.4  
54 74 1 -0.0180902 -0.0115379 0.467024 1561.91 52.284 -0 2061.36 -0 11034.4  
74 75 0 0.00589749 -0.00600628 0.275103 1718.19 400.299 -0 1532.62 -0 8102.75  
75 76 0 0.00505309 -0.00332002 0.332752 1837.82 -84.4753 0 1129.95 0 8042.18  
74 76 1 0.0116624 -0.00782881 0.607855 1829.76 113.051 -0 1138.02 -0 8042.18  
76 77 0 0.000608786 -0.0135555 0.382206 1665.92 -144.103 0 1607.45 0 9955.93  
73 77 1 -0.00697951 -0.00202596 1.30183 1767.87 66.4115 -0 1505.5 -0 9955.93  
77 78 0 -0.00199614 -0.00733751 0.36004 1435.27 -588.929 0 1147.09 0 10610  
47 78 1 -0.0106501 -0.0331272 -2.17395 1893.43 -69.952 0 688.932 0 10610  
78 79 0 -0.0130491 -0.00922202 0.263285 629.637 -478.363 0 1525.85 0 10664.4  
79 80 0 -0.0152327 -0.00492056 0.328307 641.057 -288.314 0 1774.52 0 10669.4  
57 80 1 -0.00679119 -0.00914789 1.23796 1626.64 -478.406 0 788.936 0 10669.4  
80 81 0 -0.0164 -0.013348 0.316278 1540.37 106.844 -0 1748.79 -0 8466.06  
57 81 1 0.000466071 -0.0290089 1.55424 1660.55 -148.392 0 1628.6 0 8466.06  
81 82 0 0.00621767 -0.00483288 0.317193 841.233 406.399 -0 1755.23 -0 10636.8  
67 82 1 0.00850394 0.00139873 -1.52479 1479.87 -583.965 0 1116.59 0 10636.8  
82 83 0 1.63008e-05 0.000828854 0.445967 1620.85 255.825 -0 1573.04 -0 8474.31  
66 83 1 0.0178619 0.00597742 -0.764156 1747.94 -207.891 0 1445.95 0 8474.31  
83 84 0 0.00165893 -0.00223645 0.292932 1610.24 423.615 -0 909.263 -0 7454.31  
84 85 0 -0.00998797 -0.015029 0.301462 1790.55 -61.4418 0 1517.12 0 8467.14  
48 85 1 0.00406662 0.000663412 -0.220456 1669.49 -149.07 0 1638.19 0 8467.14  
85 86 0 0.00850418 0.00248167 0.30703 1815.08 -145.718 0 1393.28 0 8467.32  
86 87 0 -0.00456477 -0.0122019 0.308599 2052.95 -93.694 0 1239.31 0 8462.78  
69 87 1 0.0072689 -0.00210634 -0.489282 1542.31 -404.357 0 1749.95 0 8462.78  
87 88 0 -7.62192e-05 -0.00472751 0.335176 1295.28 -561.952 0 1264.91 0 7440.1  
50 88 1 -0.00124185 -0.00823852 0.113529 1052.79 -514.149 0 1507.41 0 7440.1  
88 89 0 0.0196817 -0.00357489 0.323513 657.828 -511.844 0 1636.72 0 7415.57  
81 89 1 0.0226242 0.00358453 2.63187 684.526 536.103 -0 1610.02 -0 7415.57  
89 90 0 -0.0353149 -0.00640237 0.324599 1344.37 -5.0596 0 1856.31 0 9933.91  
54 90 1 0.0116208 -0.0141003 -0.601718 1666.67 247.281 -0 1534.01 -0 9933.91  
90 91 0 -0.00224914 -0.00539199 0.311596 1297.29 -96.8835 0 1784.63 0 7734.32  
76 91 1 0.00165736 -0.0114581 -1.365 1799.54 43.5466 -0 1282.38 -0 7734.32  
91 92 0 0.00320652 -0.00579925 0.322845 1523.4 245.99 -0 1672.8 -0 8469.84  
92 93 0 0.0185686 -0.0222201 0.304382 1322.25 709.914 -0 1014.82 -0 7442.97  
47 93 1 -0.00124002 -0.00848593 2.62922 1867.42 -197.908 0 469.654 0 7442.97  
93 94 0 0.00339618 -0.00804013 0.413415 1946.33 128.943 -0 655.858 -0 11319.7  
81 94 1 0.0215092 0.0176638 -1.97448 1213.28 652.107 -0 1388.9 -0 11319.7  
94 95 0 0.00261343 -0.00925457 0.433009 1777.68 -449.842 0 624.147 0 7459.34  
95 96 0 0.0113227 -8.95505e-05 0.514228 1720.87 -230.772 0 1476.27 0 8470.88  
94 96 1 0.0129287 -0.0045848 0.947237 1853.6 -56.3457 0 1343.54 0 8470.88  
96 97 0 0.00475091 -0.00598422 0.324974 1498.91 -72.4352 0 1749.07 0 11059.4  
60 97 1 0.0214804 0.0116695 -0.367415 1529.67 109.524 -0 1718.31 -0 11059.4  
97 98 0 0.0226857 -0.00860506 0.373979 962.896 -370.421 0 2007.46 0 8119.16  
69 98 1 0.00958097 0.00700994 -2.79075 946.32 -345.865 0 2024.04 0 8119.16  
98 99 0 -0.00595961 -0.00156214 0.312828 1351.61 90.4677 -0 1830.66 -0 9940.02  
86 99 1 -0.00846025 0.00189499 -1.68004 1682.65 -239.126 0 1499.61 0 9940.02  
99 100 0 -0.00434182 0.000118332 0.324976 1464.75 215.637 -0 1747.26 -0 8462.08  
67 100 1 -0.0075169 0.00107133 -1.53247 1607.71 -257.779 0 1604.29 0 8462.08  
100 101 0 0.00873765 -0.0162544 0.380787 1620.01 252.971 -0 1587.65 -0 8470.41  
48 101 1 -0.00838398 -0.00646096 -0.887704 1734.32 -217.323 0 1473.34 0 8470.41  
101 102 0 0.00120833 0.00792133 0.321802 1796.61 173.748 -0 1415.69 -0 8472.12  
65 102 1 0.00363658 -0.015974 -0.176174 1855.52 -65.3807 0 1356.77 0 8472.12  
102 103 0 0.00198083 -0.0144153 0.346288 1726.74 170.858 -0 1325.36 -0 8481.2  
101 103 1 0.00764671 -0.00512752 0.66809 1584.06 257.109 -0 1468.04 -0 8481.2  
103 104 0 0.00859182 0.00248145 0.3238 1816.09 -143.763 0 1392.57 0 8470.03  
48 104 1 0.0013916 -0.0150783 0.104186 1734.85 -220.167 0 1473.8 0 8470.03  
104 105 0 -0.00487191 -0.0119202 0.307754 1537.88 -193.251 0 1384.26 0 8480.11  
68 105 1 -0.00742297 -0.0112999 -0.129044 1362.23 -182.966 0 1559.91 0 8480.11  
105 106 0 -0.00247408 -0.0060956 0.331656 1726.87 -193.851 0 1368.1 0 9940.29  
51 106 1 -0.00772742 0.00010492 -0.309136 1412.85 -227.22 0 1682.13 0 9940.29  
106 107 0 -0.00659269 -0.00937641 0.299369 1501.56 -23.7435 0 1797.7 0 9933.33  
51 107 1 -0.0168602 -0.00682129 -0.00976717 1515.2 66.4788 -0 1784.05 -0 9933.33  
107 108 0 -0.313237 0.0426901 -0.187042 1459.43 -361.375 0 1918.22 0 8458.47  
72 108 1 -0.177027 0.250615 -0.969394 1326.06 227.189 -0 2051.59 -0 8458.47  
108 109 0 -0.300414 0.00404971 -0.0248891 2093.37 204.786 -0 1750.15 -0 8435.34  
109 110 0 -0.176621 0.0076235 -0.317846 1645.62 -496.353 0 1967.97 0 8426.99  
110 111 0 0.00717474 0.00943908 -0.311185 1778.98 6.28716 -0 1802.73 -0 7700.92  
111 112 0 -0.00978842 0.000709087 -0.311022 2241.9 -306.825 0 1396.7 0 9912.14  
112 113 0 0.00473131 0.0144724 -0.309885 2273.05 241.912 -0 1362.64 -0 7704.9  
111 113 1 -0.000855092 0.0130392 -0.620907 2328.75 -68.6485 0 1306.94 0 7704.9  
113 114 0 -0.300191 0.0156886 0.284102 2644.62 447.585 -0 1857.28 -0 8463.15  
114 115 0 -0.1564 -0.0303524 0.311259 2647.8 127.222 -0 1733.81 -0 7709.89  
115 116 0 -0.122993 -0.0276851 0.310158 2675.05 -156.439 0 1773.35 0 8455.69  
116 117 0 -0.038383 -0.00534633 0.301555 2046.44 203.733 -0 1922.43 -0 8448.03  
117 118 0 -0.0958729 -0.0192638 0.300387 2276.47 605.451 -0 2345.84 -0 8428.88  
116 118 1 -0.124208 -0.0522156 0.601942 1939.17 478.963 -0 2683.13 -0 8428.88  
118 119 0 -0.00688237 -0.006087 0.303036 1965.46 -506.586 0 2653.32 0 7668.93  
119 120 0 0.0034816 -0.00563201 0.299574 2864.79 244.016 -0 1757.63 -0 9914.39  
120 121 0 -0.0168283 -0.0117121 0.314416 1845.24 379.746 -0 2100.43 -0 7975.78  
121 122 0 -0.0908474 -0.0192724 0.299584 1876.34 -0.870958 0 1845.37 0 7696.67  
122 123 0 -0.0420782 0.0112612 -0.298262 1949.16 -228.405 0 994 0 5449.55  
123 124 0 -0.0347682 0.0157076 -0.381033 1442.01 309.314 -0 2312.7 -0 7644.04  
124 125 0 -0.0564256 0.0131678 -0.295463 1704.74 419.476 -0 973.948 -0 7413.62  
125 126 0 0.0148226 0.00326987 -0.321777 1352.32 493.592 -0 1458.41 -0 7430.8  
126 127 0 -0.00325227 0.00608602 -0.348687 1627.86 67.7654 -0 1942.82 -0 5879.78  
127 128 0 0.00473553 0.00217239 -0.326409 1033.74 -1.81951 0 2490.28 0 7980.88  
128 129 0 0.30267 -0.00347493 -0.00198718 1591.37 -340.093 0 2080.91 0 7985.75  
112 129 1 -0.236041 -0.152395 0.440568 1944.38 -404.795 0 1727.9 0 7985.75  
129 130 0 0.0984126 0.00200975 -0.303905 1811.95 -3.39887 0 1835.43 0 8411.72  
130 131 0 0.00544221 0.0134628 -0.319754 1797.9 -158.283 0 1786.57 0 8412.09  
131 132 0 -0.00628979 -0.0022114 -0.317942 1817.17 -11.0712 0 1826.43 0 8411.22  
132 133 0 -0.000164128 0.0263953 -0.308376 2249.05 286.059 -0 982.656 -0 7718.53  
131 133 1 0.0018058 0.0229123 -0.626318 2295.18 -145.901 0 936.529 0 7718.53  
133 134 0 0.000758185 -0.0138551 -0.31331 2204.88 -160.14 0 1727.32 0 7681.94  
131 134 1 -0.00570133 0.0112426 -0.939628 1888.69 -276.894 0 2043.51 0 7681.94  
134 135 0 -0.0605435 -0.0101748 0.302973 1870.74 112.712 -0 964.61 -0 5436.84  
133 135 1 -0.059974 -0.00487459 -0.0103376 1850.76 -174.384 0 984.59 0 5436.84  
135 136 0 -0.0334577 -0.0116283 0.312674 1983.65 -9.49886 0 1056.93 0 7982.48  
136 137 0 -0.0505556 -0.0198442 0.320397 2075.64 -265.756 0 1872.1 0 8094.34  
137 138 0 -0.0688859 -0.00887737 0.340364 2300.95 -3.44967 0 1710.4 0 9913.99  
138 139 0 -0.114636 -0.0292244 0.301689 2404.01 -160.59 0 1368.35 0 8423.06  
139 140 0 -0.149268 -0.0294011 0.307762 1859.85 1.51547 -0 1885.89 -0 8408.37  
122 140 1 0.044195 0.00783534 -1.65105 1881.1 -10.2011 0 1864.64 0 8408.37  
140 141 0 -0.0305465 -0.0109666 0.298473 2086.94 263.451 -0 1912.57 -0 7969.95  
141 142 0 -0.0261657 -0.0158396 0.417091 1857.68 13.3107 -0 1863.31 -0 7664.4  
122 142 1 0.0145838 0.0612787 -0.935484 1868.67 -10.8726 0 1852.32 0 7664.4  
142 143 0 -0.0947205 -0.0179222 0.335043 1573.76 458.854 -0 1364.35 -0 7383.94  
125 143 1 -0.00876834 0.066694 0.374319 1537.43 465.656 -0 1400.68 -0 7383.94  
143 144 0 0.037683 -0.0123186 0.325484 2311.26 371.146 -0 838.351 -0 7961.63  
124 144 1 -0.00685758 0.0702131 0.404339 2243.83 482.206 -0 905.783 -0 7961.63  
144 145 0 -0.002668 0.0123839 0.34558 2364.9 -142.158 0 755.682 0 4847.49  
124 145 1 -0.0141824 0.0805488 0.749919 2218.67 483.879 -0 901.911 -0 4847.49  
145 146 0 0.00298493 -0.0135438 0.331833 1968.29 9.08692 -0 1652.54 -0 6082.57  
144 146 1 0.00472831 0.000651981 0.677413 1926.27 107.635 -0 1694.57 -0 6082.57  
146 147 0 0.00355733 -0.0052605 0.307598 1864.78 -10.2245 0 1870.62 0 8391.57  
147 148 0 0.00914993 0.00247519 0.300482 1866.08 -8.3307 0 1879.77 0 8396.4  
148 149 0 -0.0402126 0.0101017 -0.390084 840.466 -376.936 0 2346.38 0 4837.06  
145 149 1 -0.0179499 -0.0364255 0.549829 2181.5 -602.649 0 1005.34 0 4837.06  
149 150 0 -0.0196804 0.00212248 -0.390599 1882.95 -4.02837 0 1844.79 0 7674.25  
145 150 1 -0.0358387 -0.0448997 0.15923 1876.12 15.1728 -0 1851.62 -0 7674.25  
150 151 0 -0.0229897 0.028528 -0.361681 1921.81 -579.426 0 763.252 0 5427.96  
143 151 1 -0.00552048 -0.0566096 0.468613 1867.68 628.904 -0 817.384 -0 5427.96  
151 152 0 -0.00766386 0.00438571 -0.318455 2332.27 -362.237 0 849.543 0 5849.32  
152 153 0 0.00994164 -0.0116529 -0.440333 1942.86 123.606 -0 1338.2 -0 6077.31  
128 153 1 0.000813081 -0.00750665 1.08102 1327.47 -93.1529 0 1953.59 0 6077.31  
153 154 0 -0.0416343 0.0167863 -0.327699 1959.87 103.122 -0 1434.45 -0 7650.6  
125 154 1 -0.030038 0.0173012 -0.243554 1938.89 145.668 -0 1455.43 -0 7650.6  
154 155 0 -0.0174628 0.00891204 -0.303772 1487.68 19.9408 -0 2063.04 -0 8384.4  
155 156 0 0.0770835 0.0175567 -0.313153 1517.64 -153.998 0 2013.43 0 8066.77  
128 156 1 0.00937543 0.00751504 0.136394 1731.81 -289.879 0 1799.26 0 8066.77  
156 157 0 -0.0696895 0.0154131 -0.35142 1667.22 -271.432 0 1892.16 0 7652.75  
143 157 1 0.005229 -0.00073196 -1.58622 1698.73 282.437 -0 1860.65 -0 7652.75  
157 158 0 0.0111358 0.00551544 -0.430297 1938.22 -519.246 0 1836.18 0 7637.88  
126 158 1 -0.0266621 0.0503163 -1.32042 1368.69 58.0579 -0 2405.71 -0 7637.88  
158 159 0 -0.00102027 0.00661001 -0.329914 1935.61 170.152 -0 1475.87 -0 7651.13  
159 160 0 -0.0374664 0.0265235 -0.353936 2045.17 -592.432 0 1242.65 0 5888.33  
123 160 1 0.0103009 0.0824726 -3.00254 2359.4 7.51957 -0 928.416 -0 5888.33  
160 161 0 -0.0551783 0.0178302 -0.36803 1738.78 -199.078 0 1537.15 0 7679.6  
141 161 1 -0.0193191 0.0124214 -2.31626 1700.94 214.079 -0 1574.99 -0 7679.6  
161 162 0 -0.0911605 0.0171263 -0.317131 1903.9 9.72282 -0 1887.59 -0 7689.41  
119 162 1 -0.00279217 0.000256725 -3.07239 1894.8 12.654 -0 1896.7 -0 7689.41  
162 163 0 -0.114455 0.0170625 -0.319716 1665.53 433.349 -0 1294.32 -0 7431.64  
117 163 1 -0.00293506 0.0294762 -2.78868 1099.06 277.814 -0 1860.79 -0 7431.64  
163 164 0 -0.119974 0.0192501 -0.357987 1770.79 -77.9938 0 2348.16 0 8442.5  
164 165 0 -0.321871 0.0494121 -0.24061 2181.13 -227.506 0 1819.66 0 10995.8  
165 166 0 -0.326119 -0.000867164 0.00765557 1811.84 2.8586 -0 1837.96 -0 8471.32  
166 167 0 -0.33117 -0.0177438 0.108862 1731.25 0.332806 -0 1762.67 -0 8468.29  
102 167 1 -0.2565 -0.0352659 -1.91669 1756.34 -12.6007 0 1737.58 0 8468.29  
167 168 0 -0.324356 -0.0227651 0.127976 1659.29 -249.198 0 1868.1 0 9944.32  
168 169 0 -0.304569 -0.0199256 0.0645112 1109.51 -47.4897 0 3024.78 0 8209.57  
169 170 0 -0.301442 0.0248576 -0.142466 831.697 360.912 -0 2238.74 -0 12792.7  
170 171 0 -0.324728 0.0146591 -0.0647395 1804.04 -384.054 0 1702.21 0 12769.5  
171 172 0 -0.341418 0.00638366 -0.0229282 1654.78 92.9147 -0 2299.62 -0 15469.3  
172 173 0 -0.301006 -0.000483398 5.34263e-05 1541.87 -63.2198 0 3457.16 0 15531.9  
173 174 0 -0.317359 -0.000793112 0.00511277 1670.89 75.874 -0 2310.69 -0 15476.7  
174 175 0 -0.336181 -0.0160955 0.078565 1722.63 -574.99 0 3212.54 0 21160.3  
175 176 0 -0.314535 -0.0113091 0.0589848 1797.71 -376.927 0 1688.78 0 21377.7  
176 177 0 -0.300627 0.000310721 -0.0120799 1946.09 -2.89849 0 1955.07 0 27068.5  
177 178 0 -0.172527 0.0281529 -0.33081 1205.03 -32.7362 0 1808.34 0 42563.3  
178 179 0 -0.198807 0.0349942 -0.300209 1534.9 -3.07842 0 1528.38 0 56126.6  
179 180 0 -0.214122 0.0419396 -0.324072 3421.16 915.301 -0 1777.2 -0 56167.2  
180 181 0 -0.242255 0.0481935 -0.335603 2802.2 1535.81 -0 2694.53 -0 42800.1  
181 182 0 -0.309277 0.0472919 -0.251397 1558.65 1211.47 -0 3998.33 -0 56179.4  
182 183 0 -0.325672 0.0112002 -0.0432213 1117.77 490.461 -0 4436.43 -0 56006.9  
183 184 0 -0.339257 -0.0135261 0.0843052 722.326 -194.689 0 3957.71 0 27133.9  
184 185 0 -0.31545 -0.0217077 0.113023 601.632 343.377 -0 3589.74 -0 26955.3  
185 186 0 -0.328766 -0.011237 0.0638026 628.581 670.295 -0 3712.58 -0 27076.5  
186 187 0 -0.332026 -0.00564252 0.00971582 545.495 409.569 -0 3827.39 -0 27040  
187 188 0 -0.316381 -0.000502353 2.46808e-05 754.653 898.545 -0 3656.05 -0 26992.7  
188 189 0 -0.312917 -0.0025098 -6.14416e-05 603.585 333.014 -0 3698.4 -0 26854.9  
189 190 0 -0.328659 -0.00255169 -4.12861e-05 391.611 332.878 -0 3976.92 -0 26909  
190 191 0 -0.325147 0.00152651 1.02521e-05 579.346 455.742 -0 4006.02 -0 26930.3  
191 192 0 -0.323965 -0.000506901 5.81847e-06 632.936 661.303 -0 3683.17 -0 26936  
192 193 0 -0.306419 -0.00048155 5.62192e-06 390.409 672.264 -0 4155.39 -0 26897.4  
193 194 0 -0.321457 0.00152875 1.35307e-05 579.185 859.117 -0 3682.86 -0 42182.1  
194 195 0 -0.29109 -0.00250773 2.28361e-05 424.504 607.201 -0 4063.4 -0 26994.3  
195 196 0 -0.350279 0.00148925 2.07636e-05 470.576 670.86 -0 3560.29 -0 27062.5  
196 197 0 -0.300653 -0.000473137 8.84036e-06 459.333 558.331 -0 3993.96 -0 42206.8  
197 198 0 -0.322878 -0.000514688 1.31371e-05 615.251 917.728 -0 3867.02 -0 42162.1  
198 199 0 -0.296595 -0.00251476 1.61025e-05 615.974 915.322 -0 3901.61 -0 42131.5  
199 200 0 -0.320646 -0.000502789 8.04146e-06 534.106 995.415 -0 4395.51 -0 26913.8  
200 201 0 -0.32056 0.00153994 5.54619e-06 474.064 751.257 -0 3922.9 -0 42119.4  
201 202 0 -0.322567 -0.00051521 1.25106e-05 686.83 729.777 -0 3974.52 -0 26990  
202 203 0 -0.343647 0.00126273 -0.0126035 720.694 407.105 -0 4328.13 -0 42067.4  
203 204 0 -0.313398 -0.000491316 1.29948e-05 705.47 350.818 -0 4359.77 -0 41966.1  
204 205 0 -0.324453 -0.000515253 1.74287e-05 979.026 1012.36 -0 4116.16 -0 41998.6  
205 206 0 -0.300369 -0.000473283 1.28887e-05 719.836 362.07 -0 4400.5 -0 26973.8  
206 207 0 -0.32579 -0.00051043 1.29864e-05 983.748 1016.31 -0 4142.97 -0 26920.9  
207 208 0 -0.305187 -0.00240256 1.38434e-05 726.254 365.495 -0 4464.87 -0 26891.3  
208 209 0 -0.324453 -0.000521158 8.58378e-06 696.289 711.207 -0 4165.78 -0 42018.1  
209 210 0 -0.344422 0.00136885 2.38723e-05 612.541 772.666 -0 4417.83 -0 42032  
210 211 0 -0.302053 -0.000472967 6.67657e-06 634.893 939.18 -0 4162.79 -0 42029.1  
211 212 0 -0.342863 -0.000539138 -7.30867e-07 479.989 550.807 -0 4305.91 -0 42110  
212 213 0 -0.333393 -0.000308681 -0.00435896 993.332 1034.37 -0 4191.12 -0 42201.1  
213 214 0 -0.313285 0.0130349 -0.0922744 971.402 1000.14 -0 4132.62 -0 42308.7  
214 215 0 -0.329429 0.0138134 -0.0746342 659.227 2.86082 -0 4251.9 -0 42366.6  
215 216 0 -0.338818 -0.0204371 0.194422 1487.42 300.742 -0 3185.67 -0 56237.1  
216 217 0 -0.34066 -0.0293114 0.107949 1870.24 -4.05561 0 3527.94 0 57316.3  
217 218 0 -0.313264 -0.000517877 7.03185e-05 2104 -181.397 0 2365.29 0 124598  
218 219 0 -0.32538 0.00268764 -0.0258253 3341.53 -774.985 0 2487.64 0 124941  
219 220 0 -0.341956 -0.000525036 -2.85699e-05 3420.05 -269.71 0 1601.22 0 124382  
220 221 0 -0.315553 0.00280331 -0.0131629 2378.59 10.5692 -0 1717.34 -0 124711  
221 222 0 -0.323328 -0.000904984 0.00702052 3253.68 -757.162 0 1976.59 0 57274.8  
222 223 0 -0.302199 -0.0152374 0.0988284 1880.4 276.58 -0 1432.02 -0 56885.7  
223 224 0 -0.253411 -0.00688933 0.319366 3179.12 -428.876 0 1583.24 0 55943.1  
222 224 1 -0.553694 -0.0470966 0.418194 3247.8 -263.831 0 1514.55 0 55943.1  
224 225 0 0.00355683 -0.00612203 0.328829 4392.87 98.0331 -0 3086.95 -0 42458.4  
225 226 0 -0.235355 0.0314684 -0.366389 2693.54 -119.689 0 2256.37 0 42344.3  
226 227 0 -0.233501 0.0362624 -0.304448 2343.03 103.256 -0 1525.45 -0 42350.8  
227 228 0 -0.318371 0.0152593 -0.0673998 2185.78 323.316 -0 1646.47 -0 42136.3  
228 229 0 -0.31446 0.00283815 -0.0132657 1799.36 -0.67091 0 2523.56 0 15456.3  
229 230 0 -0.306051 -0.000480937 0.000155646 1865.67 -389.65 0 2351.73 0 12693.5  
230 231 0 -0.293556 0.0075326 -0.298953 1888.68 -392.995 0 2375.49 0 7709.7  
231 232 0 -0.0318642 0.0093088 -0.310878 2682.65 -209.514 0 2060.46 0 7697.66  
232 233 0 -0.0417835 0.0121827 -0.302531 2482.77 -374.366 0 1897.6 0 8414.58  
233 234 0 -0.0018649 0.00618152 -0.312581 1730.12 155.867 -0 2630.88 -0 8407.82  
234 235 0 -0.00172154 0.00633031 -0.307737 1730.87 -136.508 0 2646.36 0 8405.21  
233 235 1 -0.00155635 0.0127345 -0.620319 1737.55 157.196 -0 2639.67 -0 8405.21  
235 236 0 -0.00663666 0.00776657 -0.317728 2479.22 380.989 -0 1920.32 -0 8403.7  
232 236 1 -0.0372882 0.0347817 -1.24058 2490.59 -372.376 0 1908.94 0 8403.7  
236 237 0 -0.30239 0.00392868 -0.0137709 2172 -475.074 0 2212.06 0 8346.01  
235 237 1 -0.292664 0.105968 -0.331499 1893.93 -370.452 0 2490.12 0 8346.01  
237 238 0 -0.131405 0.00916441 -0.427706 2292 603.285 -0 2313.13 -0 8048.09  
238 239 0 0.000329421 0.00973601 -0.419424 1940.07 270.504 -0 2025.16 -0 7358.12  
239 240 0 0.000994206 0.0103164 -0.422292 1776.03 145.654 -0 2243.35 -0 7959.09  
240 241 0 -0.0164991 0.027343 -0.555934 2939.69 153.714 -0 1994.1 -0 6075.34  
241 242 0 -0.143163 0.028675 -0.333451 2007.68 187.12 -0 2874.67 -0 8048.24  
231 242 1 0.120337 0.390898 2.55915 2149.7 371.455 -0 2732.64 -0 8048.24  
242 243 0 -0.0745455 0.0306568 -0.389661 3538.47 722.161 -0 2959.44 -0 7675.19  
243 244 0 -0.0884048 0.0248998 -0.424274 2868.9 239.935 -0 1761.86 -0 8403.77  
244 245 0 -0.0893899 0.018556 -0.307085 2126.57 -274.282 0 1934.17 0 8418.76  
245 246 0 -0.0910763 0.0169435 -0.320119 2124.79 577.669 -0 2477.51 -0 8430.69  
246 247 0 -0.0914553 0.0206249 -0.328132 1831.87 285.249 -0 2602.12 -0 8438.34  
243 247 1 -0.246182 0.241681 -1.37961 2658.21 187.136 -0 1775.78 -0 8438.34  
247 248 0 -0.057243 0.0131218 -0.300664 1737.76 -7.22849 0 2699.67 0 8431.78  
231 248 1 0.0552072 -0.0466966 0.489217 2230.26 -480.868 0 2207.18 0 8431.78  
248 249 0 -0.0472203 0.0135071 -0.30875 2614.15 275.266 -0 1831.29 -0 8434.84  
231 249 1 0.00717834 -0.0569643 0.180467 2212.89 478.425 -0 2232.54 -0 8434.84  
249 250 0 -0.0505302 7.08445e-05 0.318157 2378.44 448.458 -0 2059.06 -0 8422.85  
236 250 1 0.120046 0.0118622 2.05008 2209.31 -475.949 0 2228.19 0 8422.85  
250 251 0 0.00345272 -0.00612856 0.325012 2613.44 269.212 -0 1827.24 -0 8416.83  
251 252 0 0.00279861 -0.0054482 0.30126 2704.49 -25.8482 0 1744.97 0 8418.45  
232 252 1 0.0257969 -0.0764258 1.43577 1936.11 384.105 -0 2513.35 -0 8418.45  
252 253 0 -0.249686 0.0160798 -0.326169 1847.37 290.813 -0 2581.5 -0 7696.69  
234 253 1 0.211058 -0.267565 1.72472 2663.16 133.987 -0 1765.71 -0 7696.69  
253 254 0 -0.151108 0.034544 -0.344931 1737.73 3.87902 -0 2678.21 -0 7690.9  
254 255 0 -0.211835 0.0365295 -0.302871 1888.88 -18.2993 0 2806.3 0 7983.35  
255 256 0 -0.049324 0.0146264 -0.42331 2849.2 286.685 -0 2706.68 -0 7680.6  
256 257 0 -0.0323364 0.0110734 -0.315819 2592.24 -501.56 0 1958.79 0 6059.2  
257 258 0 -0.0741727 -0.0109665 0.302767 1771.65 171.143 -0 2660.04 -0 8366.08  
258 259 0 -0.301141 -0.0697993 0.275414 1877.92 379.202 -0 2402.9 -0 8328.84  
259 260 0 -0.304716 0.00170512 -0.106696 2069 447.972 -0 2085.26 -0 8318.99  
260 261 0 -0.178646 0.0207545 -0.30711 2280.3 -439.035 0 2020.6 0 7560.47  
261 262 0 -0.0013478 0.00681438 -0.403111 2759.73 109.159 -0 2037.87 -0 6016.18  
262 263 0 -0.0012149 0.00755313 -0.36619 2671.42 66.758 -0 1728.06 -0 8287.06  
263 264 0 -0.00193297 0.00562349 -0.317946 1858.23 -336.957 0 2529.25 0 7574.81  
261 264 1 0.00302088 0.0196232 -1.08725 1846.16 324.491 -0 2541.32 -0 7574.81  
264 265 0 -0.00259327 0.00619683 -0.34359 2226.71 475.549 -0 2175.62 -0 8291.69  
265 266 0 -0.00157716 0.00635132 -0.319373 2455.25 -407.058 0 1957.06 0 8280.46  
261 266 1 0.0133708 0.027248 -1.75021 1854.29 322.394 -0 2558.02 -0 8280.46  
266 267 0 -0.0517091 0.0123859 -0.317966 1755.94 142.446 -0 2661.18 -0 7554.02  
265 267 1 -0.0467826 0.0343461 -0.63734 1930.1 384.21 -0 2487.02 -0 7554.02  
267 268 0 -0.00158517 0.00657934 -0.318989 2659.32 124.603 -0 1739.08 -0 8282.87  
268 269 0 -0.327966 0.0924373 -0.30271 1939.45 -490.357 0 2654.03 0 7562.3  
259 269 1 -0.0724717 0.115099 -3.10368 2328.01 -605.91 0 2265.47 0 7562.3  
269 270 0 -0.307743 0.00723108 -0.0286394 2278.53 -609.363 0 2319.3 0 8320.44  
258 270 1 -0.107193 0.109228 -2.85691 2639.76 -505.535 0 1958.08 0 8320.44  
270 271 0 -0.30125 -0.00045661 -7.0834e-05 1677.56 440.639 -0 1962 -0 8358.85  
254 271 1 -0.0530282 0.174544 2.68697 2080.03 382.961 -0 1559.53 -0 8358.85  
271 272 0 -0.105567 -0.0213369 0.302935 1719.18 -290.231 0 1702.06 0 8369.22  
254 272 1 0.0511855 0.147357 2.98991 1486.88 -185.057 0 1934.36 0 8369.22  
272 273 0 -0.10339 -0.0229574 0.306154 1554.38 -241.14 0 1870.97 0 8364.61  
253 273 1 0.0487271 0.126838 2.95113 1424.22 0.960353 -0 2001.13 -0 8364.61  
