 0 -6.00002 2.63712e-05 -9.55768e-05 
 1 -5.91332 0.0397749 0.444381 
 2 -5.80167 0.0786466 0.759655 
 3 -5.80115 0.0964696 1.09948 
 4 -5.78113 0.174585 1.42321 
 5 -5.78424 0.437551 1.73178 
 6 -5.83301 0.729196 1.78827 
 7 -5.89815 1.05705 1.74928 
 8 -5.93888 1.3874 1.65081 
 9 -5.95373 1.6892 1.60578 
 10 -5.95845 2.00139 1.57724 
 11 -5.9681 2.30617 1.66738 
 12 -5.98519 2.60744 1.60328 
 13 -5.99497 2.90788 1.60342 
 14 -5.99774 3.21024 1.57031 
 15 -5.99764 3.51147 1.57061 
 16 -5.9976 3.81817 1.5708 
 17 -5.99762 4.11913 1.57099 
 18 -6.00835 4.23932 1.88187 
 19 -6.05724 4.34608 2.18538 
 20 -6.13207 4.42338 2.48712 
 21 -6.23518 4.47971 2.79779 
 22 -6.39918 4.51259 3.10834 
 23 -6.70404 4.51708 3.12658 
 24 -7.00381 4.50092 -3.07243 
 25 -7.30905 4.48522 -3.12666 
 26 -7.6096 4.4808 -3.12704 
 27 -7.91016 4.48 -3.13994 
 28 -8.21293 4.48232 3.09263 
 29 -8.49404 4.49869 2.78958 
 30 -8.50391 4.50537 2.48307 
 31 -8.75336 4.67685 2.77714 
 32 -8.99127 4.73106 3.10027 
 33 -9.2427 4.70081 -2.84003 
 34 -9.35218 4.64727 -2.50928 
 35 -9.43231 4.56695 -2.18961 
 36 -9.46424 4.50615 -1.87616 
 37 -9.46881 4.4942 -1.55912 
 38 -9.46509 4.46034 -1.22329 
 39 -9.46609 4.46591 -0.838892 
 40 -9.46702 4.46783 -0.536768 
 41 -9.44667 4.46204 -0.135178 
 42 -9.45039 4.46329 0.185813 
 43 -9.43316 4.46584 0.485741 
 44 -9.44724 4.46428 0.872106 
 45 -9.44605 4.46038 1.31859 
 46 -9.44497 4.46363 1.75811 
 47 -9.46376 4.50648 2.02699 
 48 -9.48491 4.54377 2.33892 
 49 -9.48245 4.54296 2.64977 
 50 -9.47997 4.54337 2.95574 
 51 -9.49783 4.54277 -2.89153 
 52 -9.52859 4.52938 -2.58294 
 53 -9.52632 4.53078 -2.26453 
 54 -9.52548 4.53243 -1.96409 
 55 -9.50437 4.54399 -1.63308 
 56 -9.50355 4.54576 -1.23272 
 57 -9.50349 4.54597 -0.79333 
 58 -9.52637 4.54495 -0.248731 
 59 -9.50422 4.55542 0.0772536 
 60 -9.47917 4.5567 0.426061 
 61 -9.4815 4.55703 0.689038 
 62 -9.48229 4.55532 1.02015 
 63 -9.48292 4.55328 1.33236 
 64 -9.47311 4.55108 1.63169 
 65 -9.48066 4.54823 1.94919 
 66 -9.47928 4.54567 2.28823 
 67 -9.46776 4.5445 2.6029 
 68 -9.49068 4.54452 2.8799 
 69 -9.48792 4.54667 -3.05981 
 70 -9.52 4.5456 -2.74292 
 71 -9.5153 4.53779 -2.42141 
 72 -9.52972 4.53156 -2.11895 
 73 -9.50793 4.54071 -1.80883 
 74 -9.53093 4.51277 -1.49706 
 75 -9.53073 4.51793 -1.22196 
 76 -9.53509 4.52055 -0.889206 
 77 -9.52981 4.52373 -0.507 
 78 -9.5268 4.52238 -0.14696 
 79 -9.51261 4.52432 0.116325 
 80 -9.49623 4.52467 0.444633 
 81 -9.48356 4.53857 0.760911 
 82 -9.48638 4.53397 1.0781 
 83 -9.47713 4.5312 1.52407 
 84 -9.47363 4.53024 1.817 
 85 -9.4851 4.53861 2.11846 
 86 -9.47388 4.53658 2.42549 
 87 -9.48207 4.53559 2.73409 
 88 -9.48244 4.53776 3.06927 
 89 -9.46365 4.53916 -2.8904 
 90 -9.49889 4.53015 -2.5658 
 91 -9.50199 4.52902 -2.25421 
 92 -9.50104 4.53104 -1.93136 
 93 -9.47962 4.54179 -1.62698 
 94 -9.47951 4.54348 -1.21357 
 95 -9.47897 4.54449 -0.780556 
 96 -9.49202 4.54372 -0.266328 
 97 -9.49569 4.54432 0.058646 
 98 -9.51702 4.5444 0.432625 
 99 -9.50879 4.54313 0.745453 
 100 -9.50042 4.542 1.07043 
 101 -9.51166 4.53985 1.45122 
 102 -9.49754 4.53796 1.77302 
 103 -9.50486 4.53567 2.11931 
 104 -9.49339 4.53383 2.44311 
 105 -9.50162 4.5331 2.75086 
 106 -9.50476 4.53485 3.08252 
 107 -9.51245 4.53183 -2.9013 
 108 -9.82635 4.49555 -3.08834 
 109 -10.1266 4.48359 -3.11323 
 110 -10.3041 4.4802 2.85211 
 111 -10.2972 4.48159 2.54092 
 112 -10.3091 4.48321 2.2299 
 113 -10.3002 4.48533 1.92002 
 114 -10.3827 4.77558 2.20412 
 115 -10.4952 4.88827 2.51538 
 116 -10.6082 4.94362 2.82553 
 117 -10.6454 4.95645 3.12709 
 118 -10.7423 4.94466 -2.85571 
 119 -10.7498 4.94236 -2.55267 
 120 -10.7478 4.94401 -2.2531 
 121 -10.7548 4.92671 -1.93868 
 122 -10.7754 4.83632 -1.6391 
 123 -10.7838 4.79385 -1.93736 
 124 -10.8045 4.76306 -2.31839 
 125 -10.8489 4.72612 -2.61386 
 126 -10.8354 4.73041 -2.93563 
 127 -10.8396 4.72877 2.99886 
 128 -10.8366 4.72405 2.67246 
 129 -10.5684 4.58364 2.67047 
 130 -10.4834 4.53571 2.36656 
 131 -10.4753 4.53771 2.04681 
 132 -10.4861 4.54032 1.72887 
 133 -10.4662 4.54457 1.42049 
 134 -10.486 4.54781 1.10718 
 135 -10.4622 4.60463 1.41015 
 136 -10.462 4.6395 1.72283 
 137 -10.4831 4.68847 2.04322 
 138 -10.5169 4.74989 2.38359 
 139 -10.6167 4.81258 2.68528 
 140 -10.7617 4.85805 2.99304 
 141 -10.7936 4.85772 -2.99167 
 142 -10.82 4.84594 -2.57458 
 143 -10.8949 4.78501 -2.23954 
 144 -10.8675 4.81003 -1.91405 
 145 -10.8868 4.81287 -1.56847 
 146 -10.8798 4.81476 -1.23664 
 147 -10.8814 4.81697 -0.929043 
 148 -10.893 4.81856 -0.628561 
 149 -10.8608 4.79197 -1.01865 
 150 -10.8451 4.7768 -1.40924 
 151 -10.8624 4.74942 -1.77092 
 152 -10.8623 4.74056 -2.08938 
 153 -10.8408 4.73752 -2.52971 
 154 -10.8817 4.72153 -2.85741 
 155 -10.9001 4.71922 3.122 
 156 -10.8238 4.729 2.80885 
 157 -10.888 4.76032 2.45743 
 158 -10.8825 4.75222 2.02713 
 159 -10.8833 4.75416 1.69722 
 160 -10.8687 4.79499 1.34328 
 161 -10.8455 4.8476 0.975252 
 162 -10.7847 4.91768 0.658121 
 163 -10.6867 4.97962 0.338406 
 164 -10.5682 5.00813 -0.0195818 
 165 -10.2468 4.95667 -0.260192 
 166 -9.9316 4.87296 -0.252536 
 167 -9.60703 4.80474 -0.143674 
 168 -9.283 4.77777 -0.0156983 
 169 -8.97811 4.79113 0.0488129 
 170 -8.67576 4.78338 -0.0936527 
 171 -8.35374 4.73919 -0.158392 
 172 -8.01762 4.67895 -0.18132 
 173 -7.72155 4.62467 -0.181267 
 174 -7.40935 4.56764 -0.176154 
 175 -7.07584 4.52249 -0.0975892 
 176 -6.76181 4.50142 -0.0386044 
 177 -6.46143 4.48927 -0.0506843 
 178 -6.2892 4.45857 -0.381495 
 179 -6.11485 4.35696 -0.681703 
 180 -5.97045 4.19354 -1.00578 
 181 -5.87565 3.96557 -1.34138 
 182 -5.84688 3.65413 -1.59278 
 183 -5.86489 3.32877 -1.636 
 184 -5.87572 2.98941 -1.55169 
 185 -5.85075 2.67421 -1.43867 
 186 -5.79807 2.3495 -1.37487 
 187 -5.72861 2.02478 -1.36515 
 188 -5.664 1.71506 -1.36513 
 189 -5.59813 1.40915 -1.36519 
 190 -5.52904 1.08782 -1.36523 
 191 -5.46467 0.769103 -1.36522 
 192 -5.39855 0.451958 -1.36521 
 193 -5.336 0.15199 -1.36521 
 194 -5.27238 -0.163112 -1.36519 
 195 -5.21095 -0.447657 -1.36517 
 196 -5.14143 -0.790973 -1.36515 
 197 -5.08005 -1.08529 -1.36514 
 198 -5.01411 -1.40137 -1.36513 
 199 -4.95154 -1.6913 -1.36511 
 200 -4.88606 -2.00519 -1.3651 
 201 -4.8226 -2.3194 -1.3651 
 202 -4.75671 -2.63517 -1.36509 
 203 -4.68804 -2.97189 -1.37769 
 204 -4.6279 -3.27947 -1.37768 
 205 -4.56564 -3.59789 -1.37766 
 206 -4.50799 -3.89267 -1.37765 
 207 -4.44546 -4.21241 -1.37763 
 208 -4.385 -4.51155 -1.37762 
 209 -4.3227 -4.82997 -1.37761 
 210 -4.25846 -5.16835 -1.37759 
 211 -4.20047 -5.46479 -1.37758 
 212 -4.13464 -5.80127 -1.37758 
 213 -4.07076 -6.12848 -1.38194 
 214 -4.02342 -6.43846 -1.47421 
 215 -4.00443 -6.76762 -1.54885 
 216 -3.98096 -7.10642 -1.35443 
 217 -3.88179 -7.43358 -1.24648 
 218 -3.78195 -7.73051 -1.24641 
 219 -3.68079 -8.03978 -1.27223 
 220 -3.58022 -8.36661 -1.27226 
 221 -3.49032 -8.6691 -1.28542 
 222 -3.39906 -8.97928 -1.2784 
 223 -3.29968 -9.26508 -1.17957 
 224 -3.20247 -9.50021 -0.860208 
 225 -3.20433 -9.49855 -0.531379 
 226 -3.01283 -9.63974 -0.897768 
 227 -2.8907 -9.84209 -1.20222 
 228 -2.78944 -10.1443 -1.26962 
 229 -2.69909 -10.4455 -1.28288 
 230 -2.61219 -10.739 -1.28273 
 231 -2.53057 -11.0219 -1.58168 
 232 -2.53417 -11.0546 -1.89256 
 233 -2.55363 -11.0931 -2.19509 
 234 -2.55531 -11.0954 -2.50767 
 235 -2.55761 -11.0967 -2.81541 
 236 -2.56532 -11.0977 -3.13313 
 237 -2.86773 -11.0962 3.13628 
 238 -3.00091 -11.0944 2.70857 
 239 -3.00151 -11.0924 2.28915 
 240 -3.0004 -11.0904 1.86686 
 241 -2.99 -11.0669 1.31092 
 242 -2.93134 -10.9332 0.977473 
 243 -2.86963 -10.8832 0.587812 
 244 -2.7853 -10.8472 0.163539 
 245 -2.69415 -10.845 -0.143546 
 246 -2.60457 -10.8688 -0.463665 
 247 -2.52826 -10.923 -0.791798 
 248 -2.49261 -10.9695 -1.09246 
 249 -2.47711 -11.0157 -1.40121 
 250 -2.47473 -11.0676 -1.08305 
 251 -2.47608 -11.0656 -0.758043 
 252 -2.47778 -11.0646 -0.456783 
 253 -2.25721 -11.1842 -0.782952 
 254 -2.16907 -11.3115 -1.12788 
 255 -2.10584 -11.5169 -1.43075 
 256 -2.10514 -11.5684 -1.85406 
 257 -2.11916 -11.599 -2.16988 
 258 -2.15748 -11.6637 -1.86712 
 259 -2.18457 -11.9712 -1.5917 
 260 -2.191 -12.276 -1.6984 
 261 -2.22872 -12.4522 -2.00551 
 262 -2.22902 -12.4553 -2.40862 
 263 -2.23117 -12.4567 -2.77481 
 264 -2.23367 -12.4583 -3.09276 
 265 -2.2374 -12.459 2.84684 
 266 -2.23984 -12.4582 2.52747 
 267 -2.27932 -12.4228 2.2095 
 268 -2.28061 -12.4205 1.89051 
 269 -2.30134 -12.0811 1.5878 
 270 -2.29943 -11.7733 1.55916 
 271 -2.2959 -11.472 1.55909 
 272 -2.30986 -11.3654 1.86203 
 273 -2.35588 -11.2702 2.16818 
