0 1 0 -0.0492136 -0.0208857 0.432925 1092.81 -106.545 0 588.954 0 126381  
1 2 0 -0.0991507 -0.0214163 0.358569 3594.26 -732.482 0 2305.35 0 42198.7  
2 3 0 -0.0273996 -0.0018518 0.400875 1088.28 -250.327 0 783.438 0 125259  
3 4 0 0.00340099 -0.00540603 0.342041 1271.57 -83.4017 0 1437.62 0 56020.3  
4 5 0 0.00452759 -0.0165853 0.324458 1756.11 224.738 -0 3885.03 -0 27779.2  
5 6 0 -0.0032525 -0.0139027 0.578829 2472.59 1639.71 -0 4369.48 -0 42137.5  
6 7 0 -0.0314451 -0.0362626 0.486023 2313.54 989.407 -0 2356.14 -0 55986.4  
7 8 0 -0.0489343 -0.00653909 0.325456 2890.86 339.531 -0 1407.22 -0 55400.6  
8 9 0 -0.0674596 -0.0144044 0.398887 4930.01 -1188.72 0 1977.95 0 55329.2  
9 10 0 -0.0803537 -0.0279502 0.313365 3241.91 -1080.01 0 2631.81 0 42034.7  
0 10 1 0.107964 -0.0087156 -2.32176 4014.61 -312.921 0 1859.11 0 42034.7  
10 11 0 -0.124476 -0.0289612 0.315763 2908.53 -741.53 0 3004.02 0 26805.4  
11 12 0 -0.218133 -0.0463826 0.314274 2480.48 -1037.66 0 3387.61 0 42007.6  
12 13 0 -0.316412 -0.0145221 0.0360985 1985.79 -1238.98 0 4840.83 0 26740.6  
13 14 0 -0.312138 0.0193343 -0.128379 1900.73 -1142.44 0 4929.14 0 26823  
14 15 0 -0.342342 0.023963 -0.117106 1533.36 75.164 -0 5317.37 -0 26824.5  
15 16 0 -0.33419 0.0143889 -0.0577773 1566.35 -366.359 0 5314.79 0 41981.8  
16 17 0 -0.307278 0.00321903 -0.0249444 1620.33 -579.346 0 5254.86 0 41923.7  
17 18 0 -0.31469 -0.000490553 -3.77144e-05 2932.05 -1844.48 0 3951.65 0 41899.9  
18 19 0 -0.315356 -0.000521945 5.83679e-05 2944.93 -1851.52 0 3970.65 0 41948.7  
19 20 0 -0.323057 -0.000530217 6.00726e-05 1665.23 -675.795 0 5263.08 0 41958.3  
20 21 0 -0.336008 -0.000544172 5.75226e-05 2937.27 -1847.06 0 3966.63 0 41898  
21 22 0 -0.307656 -0.000501853 4.38659e-05 1665.6 -677.109 0 5277.2 0 41931.4  
22 23 0 -0.338962 -0.000554949 5.3336e-05 1780.12 -472.346 0 4747.56 0 41997.1  
23 24 0 -0.332107 -0.000547171 3.6249e-05 2949.63 -1851.77 0 3977.38 0 41991.3  
24 25 0 -0.30674 -0.000496665 4.33751e-05 1677.45 -677.591 0 5287.46 0 41958.7  
25 26 0 -0.341909 0.00436966 -0.0251407 2948.76 -1530.95 0 3627.42 0 41911.2  
26 27 0 -0.343501 -0.000563717 6.41048e-05 3053.62 -1882.13 0 3900.06 0 41860.8  
27 28 0 -0.314201 -0.000516626 4.02737e-05 2004.16 -633.214 0 3952.35 0 41865.5  
28 29 0 -0.320191 -0.000529662 5.55887e-05 1904.67 -808.539 0 4220.31 0 41840.8  
29 30 0 -0.339666 -0.000552594 5.05687e-05 2012.46 -636.039 0 3957.82 0 41859.2  
30 31 0 -0.315497 -0.00051599 4.71067e-05 3080.98 -1903.6 0 3929.4 0 41883  
31 32 0 -0.32331 -0.000532819 4.43805e-05 2542.72 -1073.33 0 3433.58 0 41837.4  
32 33 0 -0.333097 -0.000776354 0.00360377 2021.92 -637.538 0 3974.38 0 41934.9  
33 34 0 -0.30455 -0.00678605 0.0376507 2342.99 -414.27 0 2437.56 0 41976.3  
34 35 0 -0.341885 -0.0413875 0.245221 2435.56 -1014.18 0 3483.69 0 41851.6  
35 36 0 -0.312933 -0.0385598 0.186379 1931.19 424.382 -0 2269.29 -0 26870  
36 37 0 -0.328266 -0.00340312 0.00872913 1876.29 585.892 -0 2610.07 -0 26946.9  
37 38 0 -0.335809 0.012619 -0.0895738 1885.59 406.278 -0 1848.55 -0 26860.1  
38 39 0 -0.297 0.0386693 -0.336977 1833.22 -389.448 0 1801 0 42359.8  
39 40 0 -0.329148 0.0677171 -0.291917 1938.75 -264.56 0 1440.4 0 42595.9  
40 41 0 -0.336633 0.00486947 -0.0213231 2012.14 -85.9733 0 1313.97 0 42895.1  
41 42 0 -0.330614 0.0209767 -0.0744557 555.561 48.0647 -0 608.749 -0 125324  
42 43 0 -0.288288 -0.0167734 0.115951 272.027 -17.2999 0 286.266 0 125120  
43 44 0 -0.337501 -0.0744715 0.3199 796.559 -523.497 0 928.149 0 56010.5  
44 45 0 -0.287106 -0.00977319 0.0658352 1104.63 -1162.43 0 3140.68 0 56399.2  
45 46 0 -0.332974 0.014186 -0.0567454 952.835 -837.361 0 3812.08 0 42929  
46 47 0 -0.3428 0.00613158 -0.0496763 1274.89 -859.251 0 3559.31 0 56434.1  
47 48 0 -0.334813 -0.00511723 -0.00543159 1081.96 -811.456 0 3122.99 0 42484.3  
48 49 0 -0.189688 -0.0452043 0.333468 890.259 -671.845 0 2976.44 0 42452.4  
49 50 0 -0.320147 -0.0212859 0.0939051 677.234 -321.411 0 3839.25 0 42247.4  
50 51 0 -0.305014 -0.00107176 0.000374963 673.57 -174.108 0 4343.08 0 42441  
51 52 0 -0.320712 -0.000261153 -0.00465878 540.216 171 -0 4106.35 -0 42497.1  
52 53 0 -0.304384 0.00865283 -0.0427365 639.332 453.882 -0 4576.93 -0 42498.1  
53 54 0 -0.332799 -0.000531219 2.62798e-05 525.373 2.60283 -0 4066 -0 42546.1  
54 55 0 -0.309396 -0.000494084 2.17114e-05 518.133 3.17007 -0 4024.12 -0 42529.7  
55 56 0 -0.316607 -0.000513075 3.68987e-05 424.325 0.0971911 -0 4192.2 -0 42500.2  
56 57 0 -0.317396 3.9289e-05 -0.0100001 505.771 7.84565 -0 3910.71 -0 42585  
57 58 0 -0.318356 0.00380754 -0.018453 506.459 -52.217 0 3888.45 0 42570.5  
58 59 0 -0.306099 0.0051536 -0.021732 648.864 222.966 -0 4083.03 -0 42675.8  
59 60 0 -0.31626 -0.000518984 5.15622e-05 726.284 -514.591 0 4129.41 0 42607.7  
60 61 0 -0.293123 -5.42434e-05 0.0234706 1057.37 -163.172 0 4102.93 0 55973.9  
61 62 0 -0.330149 -0.0301082 0.125805 1060.35 -90.1873 0 4103.8 0 42602.9  
62 63 0 -0.302702 -0.0097783 0.040937 846.369 344.132 -0 4505.44 -0 42570.9  
63 64 0 -0.324658 -0.000517871 1.47055e-05 879.712 844.286 -0 4208.12 -0 42530.1  
64 65 0 -0.332538 -0.000536384 1.69363e-05 701.211 159.954 -0 4501.31 -0 42541  
65 66 0 -0.315613 0.00319634 -0.0254547 717.411 169.804 -0 4584.4 -0 42513.6  
66 67 0 -0.325076 -0.000179508 -0.00621897 890.51 796.944 -0 4486.42 -0 42448.7  
67 68 0 -0.300525 0.000629417 -0.00746806 727.657 55.1577 -0 4696.96 -0 42334.9  
68 69 0 -0.331625 0.00446173 -0.0135258 867.32 735.617 -0 4520.91 -0 42106.6  
69 70 0 -0.342621 0.00226784 -0.0128618 843.537 700.889 -0 4546.32 -0 41933.7  
70 71 0 -0.315845 -0.000510586 1.2713e-05 722.288 -83.4115 0 4698.99 0 41987.3  
71 72 0 -0.31911 -0.00125518 2.18922e-05 629.803 -10.4989 0 4984.23 0 26744.7  
72 73 0 -0.35254 0.00697131 -0.0255969 585.536 271.82 -0 4384.05 -0 21260.3  
73 74 0 -0.342549 -0.000557958 3.39841e-05 573.493 171.267 -0 4382.93 -0 21242.1  
74 75 0 -0.314828 -0.000507762 2.89406e-05 451.403 398.394 -0 4447.18 -0 21195.2  
75 76 0 -0.324568 -0.000523017 3.02595e-05 517.233 415.732 -0 4211.53 -0 21170  
76 77 0 -0.320554 0.00399968 -0.0276881 571.879 166.102 -0 4368.94 -0 21143.2  
77 78 0 -0.303047 -0.000510522 6.61733e-05 743.014 -295.404 0 4650.75 0 21167.7  
78 79 0 -0.326298 0.00609249 -0.025103 747.956 -304.223 0 4686.85 0 21143.2  
79 80 0 -0.350357 -0.000568027 3.01798e-05 1156.65 20.592 -0 4496.28 -0 21224.9  
80 81 0 -0.308387 -0.000496452 3.14323e-05 1663.36 -848.463 0 4895.82 0 21199.3  
81 82 0 -0.320043 -0.000513198 3.12318e-05 1641.92 804.105 -0 4860.87 -0 21294  
82 83 0 -0.307532 -0.000501311 2.97348e-05 1743.6 685.999 -0 4164.29 -0 42007.3  
83 84 0 -0.324608 -0.027188 0.22657 1583.97 253.143 -0 3361.05 -0 26867.3  
84 85 0 -0.339889 -0.0317053 0.137138 1594.46 -350.179 0 1909.25 0 42295.5  
85 86 0 -0.302909 -0.00123324 0.00283913 1555.03 -300.189 0 2056.02 0 42681.2  
86 87 0 -0.160269 -0.0225801 0.458013 1357.88 -254.202 0 1809.84 0 56614.6  
87 88 0 -0.0562756 -0.0399952 0.381764 1931.05 -754.572 0 2029.26 0 56346.9  
88 89 0 -0.0702289 -0.0249549 0.406883 1297.78 88.5251 -0 1538.87 -0 57211.9  
86 89 1 -0.221368 -0.152282 1.24666 1343.41 -129.442 0 1493.24 0 57211.9  
89 90 0 -0.174342 -0.0261017 0.346278 1699.92 507.913 -0 3220.06 -0 57199.5  
90 91 0 -0.154306 -0.0319243 0.334422 1528.25 218.923 -0 1494.16 -0 56784.9  
91 92 0 -0.246646 -0.0500362 0.283871 714.278 323.131 -0 665.56 -0 57271.1  
92 93 0 -0.262794 -0.042741 0.306432 1983.9 -735.014 0 3251.05 0 42633.5  
93 94 0 -0.0633075 0.00446779 -0.316059 1759.37 356.99 -0 2175.66 -0 42573.8  
94 95 0 -0.0173857 0.0247657 -0.311359 950.074 -11.4043 0 333.704 0 124576  
95 96 0 0.0134354 -0.00316108 -0.456092 2408 -965.278 0 3011.42 0 55881.5  
94 96 1 -0.00556475 0.0176406 -0.767451 1901.64 -608.122 0 3517.78 0 55881.5  
96 97 0 -0.00154933 0.0071801 -0.386917 828.931 240.984 -0 950.053 -0 56749.1  
95 97 1 0.0152069 0.00396747 -0.843009 1043.01 195.381 -0 735.976 -0 56749.1  
97 98 0 -0.0434024 0.0103047 -0.377728 1334.63 -194.363 0 1178.96 0 42545.9  
95 98 1 -0.00597125 0.0432286 -1.22074 1054.77 -54.9715 0 1458.82 0 42545.9  
98 99 0 0.00473077 0.0110784 -0.394466 612.621 -119.175 0 1080.36 0 57158.4  
99 100 0 -0.0458868 0.0315671 -0.411864 2621.84 643.268 -0 3013.09 -0 56389  
100 101 0 -0.0545171 -0.0234223 -0.314238 839.144 -349.643 0 653.702 0 42241.8  
101 102 0 -0.0786335 0.0506998 -0.457781 1593.7 163.3 -0 1988.84 -0 42336.7  
93 102 1 0.134432 0.0903931 2.85668 1550.05 86.6828 -0 2032.49 -0 42336.7  
102 103 0 -0.101757 0.0378492 -0.328056 1746.29 -343.384 0 2094.89 0 42442.7  
92 103 1 -0.0593441 0.0483431 2.83506 1761.23 -350.566 0 2079.95 0 42442.7  
103 104 0 -0.146502 0.0319626 -0.301431 1582.14 -77.2826 0 2438.9 0 42499  
92 104 1 0.0706838 -0.0263376 2.53363 1615.69 183.274 -0 2405.36 -0 42499  
104 105 0 -0.171678 0.0381378 -0.339346 2105.94 43.1574 -0 1589.47 -0 42516.7  
91 105 1 -0.0208197 -0.146346 2.47815 2079.62 -121.505 0 1615.79 0 42516.7  
105 106 0 -0.338875 0.0430727 -0.160911 1946.08 102.727 -0 1608.29 -0 42598.6  
86 106 1 0.0710188 -0.137815 -2.03859 1579.95 13.295 -0 1974.42 -0 42598.6  
106 107 0 -0.309662 -0.0123155 0.0961147 2162.12 -433.306 0 1954.2 0 42180.8  
85 107 1 -0.103661 0.143466 -1.93963 2343.32 342.407 -0 1773 -0 42180.8  
107 108 0 -0.321859 -0.027054 0.158287 2037.66 435.227 -0 2035.58 -0 42063.9  
108 109 0 -0.341079 -0.0161821 0.054877 2175.24 412.626 -0 1879.81 -0 42098.3  
109 110 0 -0.314541 -0.0046392 0.0272256 2212.02 387.654 -0 1825.08 -0 42120.5  
110 111 0 -0.319545 -0.000448787 -0.000163119 1848.84 -399.458 0 2204.49 0 42187.5  
111 112 0 -0.330788 -0.000350157 -0.000196644 1796.63 -392.409 0 2144.43 0 28309.3  
112 113 0 -0.301519 0.00805252 -0.0659101 1780.8 -475.895 0 2205.34 0 42222  
113 114 0 -0.11222 0.00767075 -0.30417 2156.39 408.486 -0 1867.3 -0 42375.8  
114 115 0 -0.0211392 0.0121274 -0.324737 2153.74 -414.468 0 1899.17 0 42297.4  
115 116 0 -0.0120403 0.00850842 -0.304352 2403.51 -260.834 0 1693.09 0 56037  
116 117 0 -0.00212357 0.00660746 -0.318502 2492.27 -15.8858 0 1611.64 0 42221.1  
115 117 1 -0.0120862 0.0154486 -0.622854 2404.1 -264.807 0 1699.81 0 42221.1  
117 118 0 -0.00691491 0.00886544 -0.339415 837.059 216.894 -0 603.984 -0 50734.5  
118 119 0 -0.291833 0.0785103 -0.174256 517.956 205.214 -0 814.627 -0 50526.1  
112 119 1 -0.317486 0.354551 -1.83134 777.183 -227.638 0 555.399 0 50526.1  
119 120 0 -0.300478 -0.00806525 -0.0255079 1730.74 -37.2406 0 2628.93 0 41902.3  
84 120 1 0.233937 1.97519 2.86387 1768.68 184.447 -0 2590.99 -0 41902.3  
120 121 0 -0.300587 0.00262927 0.016156 1437.71 -122.478 0 3875.35 0 41891.8  
83 121 1 -0.24029 1.93208 3.1066 1431.58 2.63227 -0 3881.49 -0 41891.8  
121 122 0 -0.304288 -0.014289 0.0666066 1351.35 -365.091 0 3758.85 0 41947.2  
82 122 1 -0.243278 1.93521 -3.10995 1328.78 -280.089 0 3781.41 0 41947.2  
122 123 0 -0.300202 -0.000446873 7.93586e-05 921.72 -224.703 0 4090.76 0 41931.5  
81 123 1 -0.263344 1.94464 -3.10984 939.122 -324.557 0 4073.36 0 41931.5  
123 124 0 -0.302037 0.0106518 -0.0514113 894.832 169.771 -0 3827.11 -0 26816.1  
81 124 1 0.0388792 1.94359 3.12193 887.013 76.3857 -0 3834.93 -0 26816.1  
124 125 0 -0.300182 -0.00205025 0.0272199 881.475 20.9592 -0 3840.31 -0 21205.8  
80 125 1 0.0305946 1.93925 -3.134 883.437 79.0041 -0 3838.35 -0 21205.8  
125 126 0 -0.300075 -0.000501953 0.000191081 878.323 102.759 -0 3835.4 -0 21198.2  
79 126 1 -0.0197584 1.94147 -3.13378 876.928 80.2088 -0 3836.79 -0 21198.2  
126 127 0 -0.312366 -0.000461657 0.000201534 864.54 102.521 -0 3791.3 -0 21130.9  
78 127 1 0.0150093 1.94251 3.1245 868.959 153.053 -0 3786.88 -0 21130.9  
127 128 0 -0.290999 -0.000543466 0.000376644 573.21 6.09973 -0 4175.44 -0 21078.8  
77 128 1 0.00279986 1.93759 3.12495 574.461 67.4016 -0 4174.18 -0 21078.8  
128 129 0 -0.314585 -0.000461627 0.000118557 382.154 79.097 -0 4209.3 -0 21107.6  
76 129 1 0.0501824 1.92729 3.09738 396.675 248.235 -0 4194.78 -0 21107.6  
129 130 0 -0.290652 -0.00354835 0.0400153 303.461 -85.4505 0 4228.61 0 21109.2  
75 130 1 0.0160803 1.91747 3.13742 303.577 88.0888 -0 4228.49 -0 21109.2  
130 131 0 -0.31211 0.00540914 -0.0520456 319.379 273.165 -0 4219.83 -0 21124.6  
74 131 1 0.0132815 1.91027 3.08541 321.708 289.305 -0 4217.5 -0 21124.6  
131 132 0 -0.301745 -0.00049036 0.00022038 319.201 -151.948 0 4118.67 0 21130.1  
73 132 1 -0.0280355 1.89326 3.08566 314.139 61.909 -0 4123.73 -0 21130.1  
132 133 0 -0.2959 -0.000397028 0.000176819 236.434 -38.5552 0 4564.58 0 21134.8  
73 133 1 0.267423 1.87712 3.08584 245.655 203.262 -0 4555.36 -0 21134.8  
133 134 0 -0.300907 -0.000467018 0.00013 220.289 -42.4011 0 4555.58 0 21156.6  
72 134 1 0.262789 1.85264 3.06037 242.048 309.289 -0 4533.82 -0 21156.6  
134 135 0 -0.291836 -0.00044962 0.000169969 211.504 -44.4799 0 4741.87 0 21175.2  
71 135 1 0.234548 1.82817 3.06056 234.117 322.356 -0 4719.26 -0 21175.2  
135 136 0 -0.312134 -0.00641054 0.0246801 224.964 69.171 -0 5023.29 -0 21186.5  
70 136 1 0.23031 1.80879 3.08526 267.55 455.312 -0 4980.7 -0 21186.5  
136 137 0 -0.313712 -0.00046246 -1.03022e-06 231.228 290.68 -0 4721.91 -0 21207.4  
69 137 1 0.223927 1.78672 3.07239 292.798 597.66 -0 4660.34 -0 21207.4  
137 138 0 -0.329757 0.00451961 -0.0267669 352.306 73.0071 -0 4528.54 -0 21236.9  
68 138 1 0.244704 1.75624 3.0321 392.845 415.917 -0 4488 -0 21236.9  
138 139 0 -0.349821 -0.000658138 5.006e-05 428.933 173.043 -0 4619.99 -0 21244.9  
139 140 0 -0.303637 -0.00041387 4.80014e-05 582.969 -44.6757 0 4497.71 0 26890.5  
140 141 0 -0.321266 -0.000606475 2.68623e-05 725.186 -385.181 0 4397.88 0 26949.7  
141 142 0 -0.301542 -0.0211836 0.214599 840.707 452.725 -0 3731.58 -0 42356.6  
142 143 0 -0.153737 -0.0405952 0.388552 1253.91 232.659 -0 2363.02 -0 42251.3  
143 144 0 -0.199397 -0.0333925 0.303356 2706.55 921.847 -0 3445.64 -0 55818.9  
144 145 0 -0.238755 -0.045349 0.303549 2908.75 -557.646 0 1541.13 0 42446.2  
145 146 0 -0.2307 -0.044314 0.337269 2642.55 -94.0101 0 1635.11 0 56365.4  
146 147 0 -0.180619 -0.0388785 0.300123 4168.7 91.0773 -0 3199.53 -0 56802.7  
147 148 0 -0.217946 -0.0452052 0.349151 2314.39 536.042 -0 3986.67 -0 42480.1  
148 149 0 -0.19478 -0.0390613 0.343027 3701.22 -667.823 0 2416.85 0 56857.1  
149 150 0 -0.122975 -0.0233788 0.307223 3072.06 -1487.33 0 4103.89 0 56081.1  
150 151 0 -0.320817 -0.0597328 0.047112 1257.12 -845.33 0 1850.3 0 57224.8  
151 152 0 -0.216142 0.0394442 -0.314411 1686.91 -675.496 0 2078.51 0 56096.3  
152 153 0 -0.189885 0.0320698 -0.30089 1871.43 -1125.13 0 4731.11 0 26815.6  
153 154 0 -0.0824169 0.0199447 -0.302851 4562.97 -1509.45 0 2290.56 0 26821.5  
154 155 0 -0.156962 0.0275919 -0.302894 5188.99 -576.631 0 1615.55 0 26680.1  
155 156 0 -0.120884 0.0253529 -0.312037 4132.39 -600.998 0 2482.38 0 26773.4  
156 157 0 -0.303012 -0.0103785 0.149003 3825 766.659 -0 2152.88 -0 15370.2  
157 158 0 -0.300463 -0.013526 0.051231 4466.32 -306.963 0 2454.06 0 15327.8  
158 159 0 -0.302209 -0.00508263 0.0207403 4408.72 477.162 -0 2524.51 -0 15296.2  
159 160 0 -0.300501 -0.000499076 -0.0032865 4818.59 37.77 -0 2481.8 -0 12683.8  
160 161 0 -0.305706 -0.000493662 0.000165684 2908.05 626.996 -0 2080.16 -0 9977.11  
161 162 0 -0.177936 0.00647875 -0.331871 4129.34 -321.878 0 1935.45 0 9963.72  
162 163 0 -0.00543083 0.00690932 -0.448401 4022.79 985.449 -0 3051.34 -0 12640.4  
163 164 0 0.000843476 0.0067106 -0.33191 2158.88 -50.834 0 1251.8 0 9261.82  
164 165 0 0.000767313 0.00730336 -0.308116 2828.82 532.879 -0 1407.03 -0 10700.5  
165 166 0 -0.0316145 0.0102796 -0.301705 2082.55 -461.341 0 2389.47 0 9971.9  
164 166 1 -0.0262409 0.0266864 -0.60982 1844.14 -287.789 0 2627.88 0 9971.9  
166 167 0 -0.012047 0.00665174 -0.30981 2198.79 -314.118 0 2712.23 0 9963.43  
167 168 0 -0.00237261 0.00621568 -0.303179 1860.76 272.033 -0 2645.89 -0 9948.19  
168 169 0 -0.00658243 0.00849443 -0.325514 2724.98 -30.0321 0 1756.79 0 9973.9  
169 170 0 -0.125996 0.037957 -0.369509 3297.7 -838.292 0 2113.95 0 11072.6  
161 170 1 -0.00822846 0.0880969 -3.03001 3731.99 6.31166 -0 1679.66 -0 11072.6  
170 171 0 -0.314175 0.0416108 -0.207003 4117.36 -175.575 0 2531.7 0 12665.8  
160 171 1 0.00290658 0.0812849 3.04633 4136.56 4.51012 -0 2512.5 -0 12665.8  
171 172 0 -0.322413 0.000460716 0.0228965 2354.21 -467.188 0 2156.78 0 9988.34  
159 172 1 0.0234763 0.0485966 3.06594 2260.81 -477.473 0 2250.18 0 9988.34  
172 173 0 -0.34349 -0.00320916 0.0170129 2334.4 -474.532 0 2167.41 0 12694.5  
158 173 1 0.0634024 0.028344 3.1037 2281.89 -480.823 0 2219.92 0 12694.5  
173 174 0 -0.324395 0.00247176 -0.0458631 2207.6 483.209 -0 2282.13 -0 15404.7  
157 174 1 0.0858032 0.019882 3.10907 2194.73 482.044 -0 2295 -0 15404.7  
174 175 0 -0.305472 0.00265416 0.163208 1601.93 -35.9793 0 2021.25 0 28524.4  
155 175 1 -0.0254241 0.0522291 3.10924 1604.05 46.6654 -0 2019.13 -0 28524.4  
175 176 0 -0.158066 -0.0254059 0.302506 2477.6 190.385 -0 1517.65 -0 41820.2  
154 176 1 -0.00802498 0.0570145 3.10885 2491.99 -149.074 0 1503.25 0 41820.2  
176 177 0 -0.23165 -0.0524592 0.396882 2788.82 -32.6857 0 1678.76 0 28336.2  
152 177 1 -0.0194548 0.0315373 2.90199 2365.42 -540.184 0 2102.16 0 28336.2  
177 178 0 -0.295809 -0.0688595 0.328296 1973.6 -150.526 0 1546.06 0 42081.9  
151 178 1 0.0628999 -0.0216139 2.91588 1720.57 -258.484 0 1799.09 0 42081.9  
178 179 0 -0.112219 -0.0154259 0.307697 2025.05 -143.028 0 2743.49 0 55567.7  
150 179 1 -0.143794 -0.0831161 -3.0125 1997.72 -8.39766 0 2770.83 0 55567.7  
179 180 0 -0.280497 0.0185965 -0.304019 2005.65 427.287 -0 2326.01 -0 42182  
149 180 1 0.0271755 -0.044403 -3.00929 1735.55 151.958 -0 2596.11 -0 42182  
180 181 0 -0.172466 0.0395767 -0.383799 2371.3 -358.142 0 2372.7 0 42185.5  
148 181 1 0.0172054 -0.0280011 -3.05006 2663.05 -208.702 0 2080.95 0 42185.5  
181 182 0 -0.193827 0.0442946 -0.310418 2579.16 64.3768 -0 1675.76 -0 42306.8  
147 182 1 0.00200327 -0.0230159 -3.01133 2365.11 389.482 -0 1889.81 -0 42306.8  
182 183 0 -0.242306 0.0406361 -0.311175 3783.79 -526.104 0 1891.56 0 56568.3  
146 183 1 0.0652627 0.00389141 -3.02238 3853.37 374.539 -0 1821.98 -0 56568.3  
183 184 0 -0.236369 0.0470993 -0.346502 3645.12 -674.263 0 1995.88 0 42353  
145 184 1 0.0625266 0.0428667 -3.03162 3858.24 240.285 -0 1782.77 -0 42353  
184 185 0 -0.218462 0.0355904 -0.344365 4095.27 225.992 -0 1537.22 -0 55633.4  
144 185 1 0.0224492 0.0694438 -3.07243 3515.9 1094.29 -0 2116.59 -0 55633.4  
185 186 0 -0.206359 0.0366906 -0.319695 3482.43 871.416 -0 2160.3 -0 42261.4  
143 186 1 0.00684235 0.080519 -3.08877 2716.47 1088.75 -0 2926.26 -0 42261.4  
186 187 0 -0.2169 0.0409776 -0.315667 2219.02 1137.48 -0 2865.51 -0 42242.4  
142 187 1 0.035709 0.0921194 -3.01589 1458.3 472.634 -0 3626.22 -0 42242.4  
187 188 0 -0.32809 0.0610964 -0.321763 1323.51 1160.96 -0 3604.11 -0 42128.5  
141 188 1 0.0433983 0.128343 -3.12305 847.028 184.734 -0 4080.59 -0 42128.5  
188 189 0 -0.350545 0.00816719 -0.00870111 735.962 -154.8 0 4361.99 0 26677.5  
140 189 1 0.0727646 0.126081 -3.13172 742.961 -222.012 0 4355 0 26677.5  
189 190 0 -0.294484 -0.0197499 0.124572 569.656 7.59124 -0 4149.43 -0 21246.9  
139 190 1 0.0633958 0.14834 -3.0071 569.858 -27.9073 0 4149.22 0 21246.9  
190 191 0 -0.33277 -0.0300864 0.150568 451.433 315.695 -0 4674.89 -0 26512.3  
138 191 1 0.0392941 0.222135 -2.85649 443.495 -257.05 0 4682.83 0 26512.3  
191 192 0 -0.295873 -0.0182396 0.0644902 829.972 1095.89 -0 3855.38 -0 21184.8  
137 192 1 -0.00313684 0.318746 -2.81876 486.071 205.567 -0 4199.28 -0 21184.8  
192 193 0 -0.333905 -0.00182441 0.0238434 805.872 1060.63 -0 3886.82 -0 21188.4  
136 193 1 -0.000771284 0.425945 -2.79492 477.754 -79.8052 0 4214.94 0 21188.4  
193 194 0 -0.334039 -0.000529599 9.96384e-06 825.639 1247.57 -0 4311.7 -0 21178.2  
135 194 1 -0.0123385 0.541094 -2.77023 440.971 -259.769 0 4696.37 0 21178.2  
194 195 0 -0.307169 -0.000493506 1.18229e-05 1044.09 1343.6 -0 3626.48 -0 21177.3  
134 195 1 -0.0182333 0.652618 -2.77005 475.435 115.875 -0 4195.13 -0 21177.3  
195 196 0 -0.341605 -0.000545182 1.21596e-05 824.902 1241.91 -0 4282.08 -0 21180.1  
133 196 1 -0.00114265 0.776719 -2.76991 440.419 -255.527 0 4666.56 0 21180.1  
196 197 0 -0.342847 0.00603302 -0.0256518 1079.86 1630.02 -0 4178.39 -0 21163.9  
132 197 1 0.0244272 0.895275 -2.79538 385.365 150.712 -0 4872.89 -0 21163.9  
197 198 0 -0.300282 -0.00381446 1.58273e-05 1020.7 1467.4 -0 4014.89 -0 21134.2  
131 198 1 0.00363256 1.00034 -2.79515 428.603 172.793 -0 4606.98 -0 21134.2  
198 199 0 -0.332526 0.00279351 1.8307e-05 752.928 1130.79 -0 4235.97 -0 21157.1  
130 199 1 0.0625878 1.09802 -2.84717 418.186 -26.8067 0 4570.71 0 21157.1  
199 200 0 -0.342166 -0.000554201 1.97023e-05 1009.76 1447.13 -0 3955.93 -0 21143.3  
200 201 0 -0.305672 -0.00382961 2.92157e-05 1003.72 1217.32 -0 4001.42 -0 21105.1  
201 202 0 -0.32538 -0.000523653 1.92771e-05 1439.93 1530.36 -0 4062.39 -0 21076.8  
202 203 0 -0.340363 -0.000547102 1.70834e-05 1434.57 1519.02 -0 4035.64 -0 21086.5  
203 204 0 -0.316053 -0.000499345 7.52581e-07 1530.85 1046.43 -0 4210.74 -0 21170.1  
204 205 0 -0.323755 -0.000525763 1.83066e-05 2267.6 1789.41 -0 4522.38 -0 21190.4  
205 206 0 -0.309315 0.000398062 -0.0134152 2526.02 1652.62 -0 4015.86 -0 21207.3  
206 207 0 -0.304572 0.0129286 -0.0870057 1529.48 -443.681 0 2451.42 0 26804.1  
207 208 0 -0.0419716 0.009397 -0.310934 2044.37 748.494 -0 3583.35 -0 26827.3  
208 209 0 -0.301192 -0.0191039 0.129132 1796.51 396.247 -0 1920.68 -0 42183.3  
209 210 0 -0.108126 -0.0266787 0.363179 3118.93 -3.29582 0 3123.97 0 42264  
210 211 0 -0.155601 -0.0352329 0.299582 2188.54 865.497 -0 2580.11 -0 42257.1  
211 212 0 -0.191892 -0.0332074 0.333154 2252.14 -240.189 0 1830.64 0 42433.1  
212 213 0 -0.173612 -0.0435506 0.305494 2600.53 -873.757 0 3628.78 0 57081.7  
213 214 0 -0.186679 -0.0371649 0.329749 2317.22 -676.463 0 3445.28 0 56197.9  
214 215 0 -0.192929 -0.0373449 0.335298 1559.43 -56.7179 0 3427.32 0 56314.6  
215 216 0 -0.168898 -0.0323091 0.309995 2853.41 -873.544 0 2148.74 0 56376.7  
216 217 0 -0.193146 -0.0392355 0.321395 1847.18 -383.206 0 2205.98 0 42658.5  
217 218 0 -0.301221 -0.058685 0.262166 1853.04 -634.011 0 3455.9 0 42681.3  
218 219 0 -0.302941 -0.00368817 0.00454173 2148.34 -1430.2 0 4295.54 0 42305.3  
219 220 0 -0.342424 0.0178693 -0.112482 1447.86 57.4878 -0 5030.08 -0 42250.8  
220 221 0 -0.341221 0.0157198 -0.0905662 2528.43 -1661.59 0 4052.77 0 42157.6  
221 222 0 -0.315398 0.0154479 -0.0655103 1599.08 -664.796 0 4984.84 0 42237.2  
222 223 0 -0.32605 -0.000537947 8.92226e-05 3086.92 -1814.65 0 3507.87 0 42182.3  
223 224 0 -0.309213 -0.000496836 3.6768e-05 3167.53 -1868.51 0 3597.65 0 42300.5  
224 225 0 -0.323757 -0.00052073 4.40871e-05 1729.21 -897.786 0 4991.19 0 42206.4  
225 226 0 -0.341608 -0.000551598 4.61776e-05 3147.48 -1855.45 0 3580.66 0 42167.8  
226 227 0 -0.315357 -0.000509252 4.82449e-05 3184.01 -1872.16 0 3627.52 0 42226.5  
227 228 0 -0.323757 -0.000517985 3.78457e-05 1734.74 -905.528 0 5003.85 0 42162.1  
228 229 0 -0.336008 -0.00053932 4.24316e-05 3170.5 -1870.74 0 3617.11 0 42121.6  
229 230 0 -0.315767 -0.000507422 4.30492e-05 1751.83 -910.152 0 5027.77 0 42173.9  
230 231 0 -0.32424 -0.000521981 3.97978e-05 3193.14 -1884.2 0 3634.73 0 42131.2  
231 232 0 -0.342249 -0.000548195 4.76852e-05 1774.92 -918.784 0 5068.98 0 42246.9  
232 233 0 -0.315246 -0.000505865 4.30283e-05 3205.95 -1896.51 0 3657.69 0 42145.3  
233 234 0 -0.325163 0.000604541 -0.0118346 1770.37 -928.923 0 5114.58 0 42099  
234 235 0 -0.342305 -0.000478902 -0.00015035 3260.21 -1903.4 0 3635.08 0 42091.3  
235 236 0 -0.306908 -0.000492475 3.67857e-05 1811.7 -978.053 0 5146.2 0 42056.5  
236 237 0 -0.300351 -0.0143405 0.198019 2004.91 -721.186 0 3644.13 0 41977.4  
237 238 0 -0.0985403 -0.0223888 0.338161 1388.56 136.918 -0 2158.62 -0 41991.8  
238 239 0 -0.308765 -0.0510791 0.310989 1829.23 989.17 -0 5158.05 -0 26718.3  
239 240 0 -0.314016 -0.0152724 0.0570202 2724.08 1779.96 -0 4261.75 -0 41906.7  
240 241 0 -0.323812 -0.000143409 -0.00721524 1661.7 639.205 -0 5324.67 -0 41911.5  
241 242 0 -0.341507 0.00692494 -0.038151 2912.34 1855.39 -0 4086.71 -0 41975.7  
242 243 0 -0.317135 0.00417917 -0.0341531 1615.37 468.611 -0 5405.31 -0 41925.4  
243 244 0 -0.327806 0.00909805 -0.0421645 2664.77 1759.57 -0 4377.75 -0 41972.6  
244 245 0 -0.333906 -0.000503036 -7.40079e-05 1578.54 179.15 -0 5477.97 -0 41913  
245 246 0 -0.313955 -0.000501953 1.79824e-05 1569.99 173.013 -0 5471.41 -0 41923.1  
246 247 0 -0.325504 -0.000514635 8.07096e-06 1585.92 183.196 -0 5514.03 -0 41931  
247 248 0 -0.340905 -0.000545503 8.93655e-06 1575.61 174.484 -0 5468.12 -0 41928.7  
248 249 0 -0.303005 -0.000486047 1.0236e-05 2530.88 1688.62 -0 4542.12 -0 41878.4  
249 250 0 -0.341002 -0.00775748 0.0268603 1575.27 174.292 -0 5477.36 -0 26855.7  
250 251 0 -0.305536 0.00198577 -0.0300199 2289.85 919.096 -0 3708.32 -0 21211.4  
251 252 0 -0.310412 0.0209628 -0.127184 2325.38 403.979 -0 1888.58 -0 21166.4  
252 253 0 -0.300803 0.015033 -0.0805509 2014.88 406.238 -0 1819.5 -0 21209.2  
253 254 0 -0.195364 -0.039763 0.419097 1966.49 88.9841 -0 3224.26 -0 16670.9  
254 255 0 -0.326825 -0.00378337 0.0135121 3098.42 -901.662 0 2858.5 0 26621.1  
255 256 0 -0.319247 -0.022195 0.119802 3122.71 -1017.75 0 2527.41 0 21110.9  
256 257 0 -0.266563 -0.0100467 -0.314865 2861.38 703.06 -0 3335.23 -0 15376.1  
257 258 0 -0.000975206 0.00867621 -0.377918 2328.66 157.763 -0 4343.09 -0 15410.2  
258 259 0 -0.00138034 0.0061216 -0.321866 2494.12 -0.22972 0 2495.54 0 16954.7  
257 259 1 6.42328e-07 0.0148752 -0.699784 2494.16 0.320319 -0 2495.5 -0 16954.7  
259 260 0 -0.00935044 0.00981982 -0.363352 1766.16 307.586 -0 2382.92 -0 15422.9  
260 261 0 -0.0277145 0.031479 -0.44503 2401.31 1077.22 -0 2266.39 -0 28439.6  
261 262 0 -0.051457 0.000164168 -0.383852 1028.58 351.912 -0 1676.1 -0 28411  
262 263 0 -0.0933212 0.033809 -0.431224 854.869 250.024 -0 3403.02 -0 26658.2  
256 263 1 -0.137331 0.155228 -2.63811 2264.82 -1291.25 0 1993.06 0 26658.2  
263 264 0 -0.0986175 0.028118 -0.315776 1867.6 -725.557 0 3047.51 0 15450.6  
256 264 1 -0.037385 0.178181 -2.95388 2755.52 -886.397 0 2159.59 0 15450.6  
264 265 0 -0.0917115 0.0065281 -0.377637 1619.91 -151.742 0 2069.17 0 15444.7  
265 266 0 -0.196827 0.0545816 -0.331622 2449 443.551 -0 2255.83 -0 15431.2  
255 266 1 -0.0957562 0.10354 2.73985 2510.06 425.694 -0 2194.77 -0 15431.2  
266 267 0 -0.0756122 0.0145724 -0.332928 2284.07 547.84 -0 2053.56 -0 15431.7  
255 267 1 -0.0318625 0.0605615 2.40692 2643.15 297.35 -0 1694.48 -0 15431.7  
267 268 0 -0.029732 0.0150821 -0.339721 2405.86 -332.903 0 3732.41 0 15449.5  
268 269 0 -0.113724 0.000346354 0.319777 2698.22 -231.7 0 1660.14 0 15455.8  
255 269 1 0.033948 -0.0707241 2.38697 1701.54 -308.138 0 2656.82 0 15455.8  
269 270 0 0.00240763 -0.00422276 0.315619 2178.82 -114.583 0 1674.28 0 21076.6  
270 271 0 -0.00622216 -0.0048441 0.319947 2124.87 197.026 -0 1732.3 -0 15466.9  
269 271 1 -0.00200355 -0.010759 0.635566 1970.77 274.897 -0 1886.4 -0 15466.9  
271 272 0 0.0170443 -0.00059579 0.306336 1802.23 -412.995 0 2598.78 0 21102.8  
269 272 1 0.0120663 -0.00112038 0.941902 2477.52 -502.443 0 1923.48 0 21102.8  
272 273 0 -0.0101979 -0.00744329 0.334034 1643.53 -102.137 0 2767.77 0 21080.9  
270 273 1 0.0062449 -0.0120569 0.960317 2126.78 -565.854 0 2284.52 0 21080.9  
273 274 0 -0.194846 0.00353412 -0.322103 2015.48 -247.502 0 1791.97 0 15383.3  
254 274 1 -0.122123 0.0405289 -2.92887 2174.48 -20.8943 0 1632.97 0 15383.3  
274 275 0 -0.240214 0.0520369 -0.283669 1790.48 321.652 -0 1551.78 -0 28403.3  
254 275 1 0.123663 0.0403802 3.07065 1647.08 342.238 -0 1695.17 -0 28403.3  
275 276 0 -0.229204 0.0476364 -0.346203 1770.94 449.377 -0 1470.56 -0 28284.7  
252 276 1 -0.161857 0.0849429 3.06299 1520.75 463.139 -0 1720.75 -0 28284.7  
276 277 0 -0.321108 0.0477761 -0.147924 2139.47 700.195 -0 3957.6 -0 21107.1  
251 277 1 -0.155616 0.0133683 2.78789 2495.49 1005.39 -0 3601.58 -0 21107.1  
277 278 0 -0.296582 0.000349684 -0.000254827 2136.17 346.687 -0 2896.61 -0 21142.9  
250 278 1 -0.185799 -0.0913392 2.75761 2483.46 513.494 -0 2549.32 -0 21142.9  
278 279 0 -0.322356 -0.00270263 0.0189421 1687.16 -264.332 0 2358.21 0 21169.7  
250 279 1 0.114096 -0.209593 2.77655 1597.71 42.9418 -0 2447.66 -0 21169.7  
279 280 0 -0.33364 -0.00960437 0.0321715 1495.23 -129.987 0 4041.88 0 26667.1  
248 280 1 -0.20639 -0.316327 2.8356 1694.16 695.655 -0 3842.95 -0 26667.1  
280 281 0 -0.312041 -0.00049796 3.58276e-05 1489.28 -48.3957 0 4050.06 0 26739.5  
247 281 1 -0.249596 -0.410398 2.83564 1693.85 695.954 -0 3845.49 -0 26739.5  
281 282 0 -0.306727 -0.00703174 0.0260461 1482.09 -49.4684 0 4042.26 0 21277.9  
246 282 1 -0.280495 -0.496594 2.86169 1685.93 694.808 -0 3838.42 -0 21277.9  
282 283 0 -0.311706 -0.000482189 3.83421e-05 1582.59 -8.26644 0 2936 0 26797.9  
245 283 1 -0.294731 -0.582743 2.86175 1681.48 352.314 -0 2837.11 -0 26797.9  
283 284 0 -0.325117 0.0132797 -0.165466 1487.27 13.1454 -0 4050.34 -0 26661.6  
244 284 1 -0.319886 -0.685809 2.69621 1689.88 691.693 -0 3847.73 -0 26661.6  
284 285 0 -0.312123 0.0417414 -0.205417 2088.85 -682.808 0 4006.04 0 26797.8  
285 286 0 -0.314864 0.00334068 0.0141539 1801.46 -847.116 0 3707.86 0 26807.8  
286 287 0 -0.299845 -0.0136254 0.0636331 2427.8 -995.132 0 3701.96 0 41747.1  
287 288 0 -0.323769 -0.0106627 0.0579306 1575.67 -635.925 0 4121.74 0 41790.8  
288 289 0 -0.35078 -0.0082655 0.0270906 1916.06 -916.251 0 4276.18 0 41789.1  
289 290 0 -0.294004 -0.00421952 0.0264286 1632.82 -735.147 0 4080.6 0 41757  
290 291 0 -0.323826 -0.000532622 4.94392e-05 1548.22 -141.878 0 2961.44 0 41768.9  
291 292 0 -0.315729 -0.000516359 5.67863e-05 1465.61 -336.369 0 4221.68 0 41790.6  
292 293 0 -0.314284 -0.000511396 4.93965e-05 1822.85 -787.5 0 4360.22 0 41744.3  
293 294 0 -0.361245 -0.00235764 3.49308e-05 1458.33 -338.641 0 4205.14 0 26847.7  
294 295 0 -0.306569 0.00127901 4.56047e-05 1593.38 -672.563 0 4107.02 0 41730.5  
295 296 0 -0.325019 -0.000512802 2.02952e-05 1460.1 -339.312 0 4209.45 0 41774.1  
296 297 0 -0.318293 -0.000509552 2.04793e-05 1456.15 -338.889 0 4194.51 0 41742.1  
297 298 0 -0.315619 -0.000513135 4.97257e-05 1816.88 -788.018 0 4355.95 0 41753.4  
298 299 0 -0.336091 -0.000554139 7.23301e-05 1473.41 -575.38 0 4363.85 0 26817  
299 300 0 -0.344056 -0.000547596 2.78101e-05 1805.5 -780.742 0 4333.9 0 26836.9  
300 301 0 -0.310813 -0.000518516 7.10813e-05 1955.78 -1218.83 0 4751.54 0 26815  
301 302 0 -0.316056 -0.000513034 4.35729e-05 1582.54 208.379 -0 5441.95 -0 26840.3  
302 303 0 -0.316051 -0.000518185 5.23254e-05 2189.97 -1428.16 0 4815.51 0 26802.6  
303 304 0 -0.324461 -0.000527324 2.46757e-05 1754.38 250.375 -0 4849.81 -0 26847.3  
304 305 0 -0.343174 -0.000557352 4.55966e-05 2166.67 -1404.29 0 4750.32 0 26854.8  
305 306 0 -0.304342 -0.000521245 1.71254e-05 1898.22 303.447 -0 2927.94 -0 41890.3  
306 307 0 -0.302771 -0.0316301 0.194245 1867.33 401.486 -0 2243.07 -0 41923.1  
307 308 0 -0.309211 -0.0147795 0.0443203 1918.02 -415.619 0 1978.41 0 42056.2  
308 309 0 -0.250962 0.0438001 -0.312765 753.208 -281.202 0 719.198 0 50974.1  
309 310 0 -0.179149 0.0330764 -0.338722 1057.86 -39.6398 0 672.858 0 57030.1  
310 311 0 -0.153704 0.0315418 -0.319123 1495.69 141.15 -0 2253.82 -0 56796.7  
311 312 0 -0.221592 0.0356625 -0.318612 2068 821.334 -0 3024.15 -0 42751  
312 313 0 -0.319269 0.0513684 -0.241907 1986.03 284.176 -0 1502.27 -0 42885.1  
313 314 0 -0.313639 0.0145894 -0.00663554 2212.71 123.235 -0 1671.74 -0 42661.5  
314 315 0 -0.322586 -0.029152 0.119574 4057.59 -115.21 0 3096.09 0 42488.1  
315 316 0 -0.305826 -0.0109262 0.0394871 4580.92 85.6576 -0 1338.71 -0 42545.8  
316 317 0 -0.324805 0.00359708 -0.0136851 3944.63 -1369.05 0 2095.74 0 42598.5  
317 318 0 -0.332731 -0.0005445 4.0807e-05 4027.43 -1378.94 0 2077.79 0 56448.8  
318 319 0 -0.308394 0.00250281 -0.0123898 4670.06 2.40787 -0 1360.21 -0 42637.7  
319 320 0 -0.320464 -0.00995839 0.0543778 3596.75 -1111.04 0 2114.51 0 42529.1  
320 321 0 -0.250471 -0.025457 0.311071 1760.39 -23.3841 0 2424.73 0 56601.5  
321 322 0 -0.166784 0.0272064 -0.315651 1464.68 712.955 -0 2749.12 -0 55947.1  
322 323 0 -0.340204 0.041007 -0.15093 1642.87 524.357 -0 3351.87 -0 42490.4  
323 324 0 -0.333635 0.0148192 -0.0976749 1882.58 1181.46 -0 4604.2 -0 26921  
324 325 0 -0.341503 0.00691761 -0.0418783 1403.17 780.488 -0 5294.74 -0 21149.7  
325 326 0 -0.307321 0.00635323 -0.033999 868.073 -38.2888 0 4900.27 0 15470.2  
326 327 0 -0.324785 -0.000506125 -0.000165358 724.229 174.707 -0 4646.2 -0 15419.2  
327 328 0 -0.326067 -0.00101454 3.69193e-05 796.385 -570.648 0 4588.85 0 15407  
328 329 0 -0.309677 -2.1101e-05 2.44974e-05 635.265 88.5247 -0 4975.62 -0 15401.2  
329 330 0 -0.323563 -0.00733793 0.0282005 798.427 -574.493 0 4614.72 0 12744.4  
330 331 0 -0.31534 -0.000607175 0.00164607 773.942 -461.48 0 4660.44 0 15401.2  
331 332 0 -0.323658 -0.0072537 0.0238442 642.473 235.534 -0 4967.16 -0 15417.7  
332 333 0 -0.32389 -0.000509246 -1.32449e-06 420.772 224.301 -0 4472.45 -0 12774.5  
333 334 0 -0.306739 -0.000487953 -7.8789e-06 420.434 220.925 -0 4465.27 -0 12775.3  
334 335 0 -0.324188 -0.000521798 -0.00345516 421.214 225.662 -0 4449.43 -0 11069.8  
335 336 0 -0.305323 -0.000500668 1.48323e-05 567.042 8.2682 -0 4395.51 -0 15349.3  
336 337 0 -0.323439 -0.000508404 -8.81089e-06 762.243 -373.382 0 4696.87 0 15381.7  
337 338 0 -0.301098 -0.000479325 -7.15502e-07 769.658 381.233 -0 4718.71 -0 15394.8  
338 339 0 -0.321564 -0.000513564 1.35246e-05 1165.1 -35.6356 0 4545.89 0 21084.2  
339 340 0 -0.308998 -0.000488502 9.87582e-06 1388.23 -687.437 0 5369.94 0 21138.7  
340 341 0 -0.333008 -0.00053856 3.10402e-05 1669.17 -827.531 0 4933.68 0 26709.8  
341 342 0 -0.339761 -0.000544411 1.74612e-05 1664.94 -822.137 0 4913.55 0 26834.9  
342 343 0 -0.314299 -0.000500506 1.53244e-05 1770.35 723.278 -0 4251.98 -0 26851.9  
343 344 0 -0.315487 -0.000510298 7.53999e-05 1868.91 -420.459 0 2506 0 42178.9  
344 345 0 -0.325262 0.0232173 -0.314228 1617.34 437.671 -0 3155.37 -0 42610.3  
345 346 0 -0.210618 0.0420261 -0.305761 2041.84 189.334 -0 2313.83 -0 56475.7  
346 347 0 -0.204593 0.0368987 -0.301266 3278.67 988.85 -0 1931.54 -0 55808.2  
347 348 0 -0.223556 0.0409073 -0.313688 3310.6 1637.2 -0 2668.42 -0 56833.4  
348 349 0 -0.321687 0.0605182 -0.321319 1334.99 903.777 -0 3702.23 -0 42691.5  
349 350 0 -0.103154 -0.00579749 0.401921 655.619 366.144 -0 3948.1 -0 56286.3  
350 351 0 0.000715192 -0.00741169 0.289276 1536.01 1110.54 -0 3591.88 -0 125111  
351 352 0 -0.00507748 -0.0103969 0.41023 1953.08 1449.52 -0 2034.31 -0 56955.4  
350 352 1 -0.00118553 -0.018825 0.699506 1167.07 1191.41 -0 2820.32 -0 56955.4  
352 353 0 -0.0297745 -0.0197762 0.311171 2409.38 882.943 -0 751.62 -0 56758.3  
353 354 0 -0.0504 -0.0187681 0.38283 2776.39 354.92 -0 373.772 -0 56441.5  
354 355 0 -0.0697714 -0.0219133 0.400448 2545.92 -528.011 0 509.651 0 56303.8  
349 355 1 -0.0452137 -0.17495 2.19588 381.368 33.4372 -0 2674.21 -0 56303.8  
355 356 0 -0.123647 -0.0339167 0.374384 2013.35 -1041.13 0 1174.29 0 124731  
349 356 1 0.0546433 -0.255371 2.57026 473.527 -70.0101 0 2714.12 0 124731  
356 357 0 -0.136332 -0.0275609 0.293602 1494.37 -484.193 0 2194.28 0 56098.6  
357 358 0 -0.168196 -0.0341969 0.319756 1675.24 346.469 -0 2145.79 -0 56955.6  
348 358 1 -0.0853107 -0.354513 2.8623 2147.53 345.286 -0 1673.5 -0 56955.6  
358 359 0 -0.321714 -0.0323039 0.120476 1772.61 426.128 -0 3721.76 -0 124143  
347 359 1 -0.129253 -0.422979 2.66909 2776.29 1063.27 -0 2718.08 -0 124143  
359 360 0 -0.340927 0.0120716 -0.0858095 1926.73 651.094 -0 3624.87 -0 56833.2  
360 361 0 -0.314771 0.0293235 -0.181667 1707.43 -119.717 0 3834.52 0 56804  
361 362 0 -0.325282 0.0179839 -0.0812067 1684.24 126.132 -0 3771.35 -0 124716  
362 363 0 -0.341256 -0.000631477 0.000256507 1663.81 -46.3436 0 3744.98 0 124822  
363 364 0 -0.314656 -0.000511812 3.32378e-05 1861.03 -625.646 0 3526.35 0 124726  
364 365 0 -0.325807 -0.000527067 5.12676e-05 1835.95 -622.741 0 3485.95 0 57186.4  
365 366 0 -0.331338 -0.000736667 0.00384723 1401.73 225.31 -0 4804.38 -0 56709.9  
366 367 0 -0.307296 -0.00653418 0.0223715 1926.51 -1254.37 0 4314.7 0 42642.5  
367 368 0 -0.335033 -0.000542991 4.73687e-05 1932.87 -1236.77 0 4522.14 0 42544.8  
368 369 0 -0.306731 -0.000484352 3.63709e-05 1967.15 -1268.49 0 4611.69 0 42305.5  
369 370 0 -0.32252 -0.00371783 0.0267117 1982.55 -1269.16 0 4649.14 0 42210.1  
370 371 0 -0.306605 -0.000613522 0.00041225 1905.91 -1188.69 0 4685.17 0 41971.9  
371 372 0 -0.316892 -0.000511509 4.13444e-05 1924.44 -1203.39 0 4748.57 0 26900  
372 373 0 -0.316621 -0.000503595 3.73157e-05 941.914 -90.1214 0 5938.93 0 21220.2  
373 374 0 -0.323055 -0.00052201 2.51914e-05 739.115 -83.1018 0 4786.72 0 21190.2  
374 375 0 -0.338095 -0.000544643 5.0913e-05 745.386 -88.7418 0 4820.51 0 21128.8  
375 376 0 -0.317019 -0.000505867 3.96385e-05 744.996 -88.0241 0 4808.49 0 21116.8  
376 377 0 -0.325231 -0.00051253 1.85537e-05 742.955 -82.7725 0 4808.2 0 21060.9  
377 378 0 -0.324106 -0.000519339 4.2752e-05 745.883 -83.2499 0 4831.82 0 21050.1  
378 379 0 -0.311849 -0.000515819 7.37483e-05 1215.74 -360.845 0 4546.78 0 15432  
379 380 0 -0.307306 -0.000490517 2.55404e-05 1529.48 432.066 -0 5109.75 -0 15449.5  
380 381 0 -0.306773 -0.000484239 2.89882e-05 1920.13 -1196.59 0 4728.63 0 21060  
381 382 0 -0.304327 -0.000484898 2.42179e-05 1915.42 -1186.31 0 4706.07 0 21083.5  
382 383 0 -0.324634 -0.000531282 4.17601e-05 1877.32 -556.53 0 3750.98 0 21204.4  
383 384 0 -0.305728 -0.000489485 2.211e-05 1720.24 74.0013 -0 3864.74 -0 26833.2  
384 385 0 -0.327761 -0.000522509 2.80335e-05 1872.9 415.847 -0 2081.86 -0 42111.6  
385 386 0 -0.341437 -0.000550083 3.29751e-05 2008.53 -404.024 0 1808.86 0 42311.8  
386 387 0 -0.317522 -0.00051364 5.53812e-05 1975.82 -396.016 0 1784.33 0 42485.9  
387 388 0 -0.307054 -0.000504869 5.35203e-05 1964.57 -391.06 0 1754.31 0 42440.6  
388 389 0 -0.251455 -0.0005967 -0.324678 1795.5 397.863 -0 1940.17 -0 42492.3  
389 390 0 -0.058375 0.0394497 -0.366603 1080.04 243.073 -0 917.11 -0 56268.2  
390 391 0 -0.0333928 -0.00273271 -0.418221 947.548 -87.8864 0 1277.61 0 55690.2  
391 392 0 -0.101428 0.0210245 -0.305326 1188.62 67.926 -0 1370.44 -0 42490.7  
392 393 0 -0.133978 0.0188038 -0.331423 1100.78 -157.068 0 1134.68 0 55813.1  
393 394 0 -0.218462 0.071777 -0.310743 2019.84 -801.223 0 3357.52 0 42479.3  
394 395 0 -0.307805 0.0422106 -0.251002 1923.33 -895.357 0 2947.73 0 42541.9  
395 396 0 -0.0926495 -0.027052 0.343887 1262.19 -219.297 0 1195.67 0 56152  
396 397 0 -0.0710043 -0.00923079 0.287097 1121.54 -110.93 0 1254.95 0 56109.2  
397 398 0 -0.0528517 -0.0106344 0.305978 1434.62 -496.336 0 3500.19 0 55575.2  
398 399 0 -0.281535 -0.0099998 -0.0496814 881.718 -2.24458 0 2393.75 0 42400.4  
399 400 0 -0.141678 0.0437536 -0.442811 1127.48 288.978 -0 3175.89 -0 42166.7  
400 401 0 -0.10196 0.00470761 -0.299381 947.541 -109.074 0 539.255 0 55951.9  
399 401 1 -0.231787 0.0916951 -0.742193 788.124 -227.093 0 698.672 0 55951.9  
401 402 0 -0.315808 0.0654414 -0.270425 2265.65 -923.732 0 3111.65 0 42171.7  
400 402 1 -0.38442 0.160379 -0.569807 1818.6 -524.62 0 3558.7 0 42171.7  
402 403 0 -0.315973 0.014027 -0.0311247 2835.97 -1020.91 0 2639.65 0 42056.2  
403 404 0 -0.315249 -0.0215161 0.0702544 3811 -974.226 0 2922.56 0 21295.5  
404 405 0 -0.306426 -0.00588154 0.0341728 3784.88 -1037.71 0 3048.79 0 21155.4  
405 406 0 -0.324067 -0.000896445 0.00623381 3137.97 -998.857 0 3527.02 0 21046.3  
406 407 0 -0.33285 -0.00254789 0.00649962 3938.42 -801.191 0 2702.05 0 21044.4  
407 408 0 -0.314654 -0.000503212 1.93957e-05 2801.05 -1087.32 0 2990.41 0 21025.4  
408 409 0 -0.334231 -0.00053274 1.23351e-05 3402.07 -936.124 0 2345.81 0 15441.8  
409 410 0 -0.331633 -0.000525492 1.9354e-05 2560.8 98.6043 -0 1671.78 -0 12731  
410 411 0 -0.300853 -0.000489807 0.00012225 3937.34 -801.042 0 2712.22 0 12732.8  
411 412 0 -0.301826 0.00567314 0.20915 2610.82 98.4535 -0 1701.76 -0 12708.5  
412 413 0 -0.0354568 0.00790733 -0.309312 1774.43 -276.791 0 3148.09 0 15340.4  
413 414 0 -0.0696466 0.0210769 -0.301073 2599.2 184.681 -0 1742.75 -0 12684  
414 415 0 -0.211562 0.000315364 0.3002 2338.72 387.806 -0 1875.95 -0 12700.5  
415 416 0 -0.0167563 -0.00716068 0.31648 2640.38 198.296 -0 1778.19 -0 12680.4  
416 417 0 0.00296617 -0.00539653 0.302379 2688.98 -90.7861 0 1755.41 0 12686.5  
417 418 0 -0.0337923 -0.0139199 0.347145 1899.23 354.564 -0 2548.36 -0 12668.2  
416 418 1 -0.0251477 -0.028748 0.649524 1755.21 107.143 -0 2692.39 -0 12668.2  
418 419 0 -0.00108569 -0.00532084 0.307973 2273.35 -477.782 0 2203.26 0 12667.7  
419 420 0 -0.045526 -0.0108131 0.330817 2484.8 408.727 -0 1956.7 -0 12671  
420 421 0 -0.0357421 -0.0121447 0.309767 1783.41 -167.911 0 2685.93 0 12672  
421 422 0 0.00700749 -0.00506858 0.364389 2395.68 -329.741 0 2179.59 0 16371.6  
422 423 0 0.00667193 -0.00578147 0.380828 2248.44 -364.633 0 1778.82 0 14041  
421 423 1 0.0153017 -0.00809272 0.745216 2431.62 -115.64 0 1595.64 0 14041  
423 424 0 0.00714271 -0.0112799 0.511587 2047.31 -450.992 0 2205.33 0 16931.1  
422 424 1 0.0174955 -0.0135984 0.892415 2380.38 -380.907 0 1872.26 0 16931.1  
424 425 0 0.00545602 -0.00950053 0.476074 1604.27 -143.129 0 2431.79 0 14025.9  
420 425 1 0.00415721 -0.00912224 2.04264 2432.99 139.627 -0 1603.07 -0 14025.9  
425 426 0 0.00341004 -0.00657367 0.324801 1850.72 271.328 -0 2644.66 -0 11018.6  
420 426 1 0.00846259 -0.00309687 2.36745 2700.34 162.224 -0 1795.05 -0 11018.6  
426 427 0 0.00432233 -0.00623335 0.351114 2399.38 -456.621 0 2082.31 0 12645.3  
427 428 0 -0.00433128 -0.0071366 0.32559 2071.23 -451.238 0 2416.35 0 12645.2  
419 428 1 -0.032777 0.00319903 -2.90822 1991.41 -411.939 0 2496.18 0 12645.2  
428 429 0 -0.305245 0.00284709 0.24388 2420.52 -403.393 0 2451.31 0 12641.1  
417 429 1 0.133749 0.198387 -2.00922 2833.91 67.5175 -0 2037.91 -0 12641.1  
429 430 0 -0.104404 -0.0194756 0.30422 2707.31 6.1819 -0 1741.23 -0 12644.4  
430 431 0 -0.101521 -0.0200101 0.300965 2240.17 -273.798 0 2581.01 0 9960.83  
431 432 0 -0.300172 -0.0265253 0.0965514 2380.75 -453.19 0 2047.21 0 12694.9  
432 433 0 -0.299919 -0.0310017 0.198579 2053.4 454.31 -0 2328.44 -0 15419.5  
433 434 0 -0.30294 -0.0104998 0.103283 1936.61 -426.386 0 2145.27 0 21053.6  
434 435 0 -0.170605 -0.0201034 0.35067 2055.31 688.915 -0 3802.92 -0 15440.4  
435 436 0 -0.12544 -0.0359128 0.313413 2217.28 813.992 -0 3797.24 -0 21057.5  
436 437 0 -0.219991 -0.0423777 0.355027 2630.37 -55.8132 0 1687.53 0 21041.9  
437 438 0 -0.246845 -0.0519757 0.32306 3852.79 966.7 -0 3028.78 -0 21023.2  
438 439 0 -0.332275 -0.0226113 0.0840861 2217.84 -466.159 0 2142.98 0 12724.8  
439 440 0 -0.308964 -0.00401081 0.0141798 2140.16 -470.849 0 2235.99 0 12653.4  
440 441 0 -0.324523 -0.00563144 0.0264802 1975.49 -180.105 0 2652.28 0 9977.2  
441 442 0 -0.300328 0.0042352 -0.0456591 2279.83 470.263 -0 2125.55 -0 9960.81  
442 443 0 -0.31313 0.00919875 -0.0353526 2129.37 -464.219 0 2200.7 0 12638.1  
443 444 0 -0.283066 -0.0321025 0.306758 2012.62 519.541 -0 1983.61 -0 16516.3  
444 445 0 -0.161153 -0.0333841 0.349097 1860.98 8.74899 -0 2543.55 -0 10684  
445 446 0 -0.175522 -0.0353264 0.309533 1690.76 -129.802 0 2577.79 0 9966.42  
446 447 0 -0.328177 -0.0576684 0.258932 1984.19 -1229.92 0 4722.77 0 9953.29  
447 448 0 -0.30332 -0.00328326 0.0398857 2335.85 -949.164 0 3602.29 0 7670.86  
448 449 0 -0.114835 -0.0124969 0.343622 2000.31 -1.61514 0 2778.25 0 7672.76  
449 450 0 -0.0481658 -0.0131763 0.322887 2229.78 480.244 -0 2187.37 -0 8379.2  
450 451 0 -0.0582622 -0.0177151 0.365454 2530.5 369.354 -0 1910.19 -0 7588.33  
451 452 0 -0.0422769 -0.0130108 0.326473 2716.58 62.9088 -0 1765.43 -0 7613.32  
452 453 0 -0.061906 -0.0151054 0.300177 1843.34 263.201 -0 2648.73 -0 7555.59  
453 454 0 -0.0362738 -0.013606 0.307965 2057.08 451.739 -0 2420.12 -0 7564.16  
454 455 0 0.00324267 -0.00534914 0.306819 2346.88 473.047 -0 2131.4 -0 8293.25  
455 456 0 0.00327654 -0.0055874 0.308556 1903.87 -345.507 0 2583.66 0 8295.7  
456 457 0 0.00239431 -0.00530047 0.297556 1771.61 -85.0253 0 2727.48 0 7544.38  
457 458 0 0.00264873 -0.00524936 0.306289 2681.42 -218.336 0 1813.97 0 7564.09  
458 459 0 -0.294197 -0.0717714 0.250831 2467.69 -431.918 0 2027.15 0 8382.43  
448 459 1 0.113497 -0.12529 -2.84655 2504.97 -410.781 0 1989.87 0 8382.43  
459 460 0 -0.300067 -0.000501243 0.000227597 2223.18 -484.471 0 2257.93 0 8464.01  
447 460 1 0.0983113 -0.024843 -2.80644 2527.72 -390.572 0 1953.38 0 8464.01  
460 461 0 -0.237442 0.0164957 -0.312495 2222.8 484.578 -0 2260.09 -0 9943.11  
446 461 1 -0.0207888 0.0627281 -2.86 1784.95 163.629 -0 2697.94 -0 9943.11  
461 462 0 -0.0853502 0.0184649 -0.30006 2516.65 -387.253 0 1950.53 0 8455.83  
446 462 1 0.0663309 0.0687078 3.12312 2679.68 -176.328 0 1787.5 0 8455.83  
462 463 0 -0.13554 0.0218873 -0.306923 1776.83 155.541 -0 2692.2 -0 8469.6  
445 463 1 0.00284754 0.0682504 3.12573 1766.69 -121.714 0 2702.34 0 8469.6  
463 464 0 -0.114459 0.020139 -0.308648 2694.68 138.262 -0 1789.33 -0 9932.1  
444 464 1 -0.067072 0.0501321 -3.11701 2512.34 388.526 -0 1971.68 -0 9932.1  
464 465 0 -0.314386 0.0496364 -0.278958 2543.53 374.752 -0 1952.49 -0 9928.15  
443 465 1 -0.0487123 0.050774 -3.0892 2250.41 477.246 -0 2245.6 -0 9928.15  
465 466 0 -0.308313 0.017609 -0.0756691 2294.8 481.643 -0 2179.24 -0 8469.63  
442 466 1 -0.0514498 0.0493084 3.08296 2278.36 483.332 -0 2195.69 -0 8469.63  
466 467 0 -0.300374 0.00224546 -0.0130931 2227.95 486.172 -0 2247.51 -0 8473.54  
441 467 1 -0.0509649 0.0223373 3.02421 2328.84 477.66 -0 2146.62 -0 8473.54  
467 468 0 -0.305185 0.00465197 -0.0254549 2263.4 -483.049 0 2210.67 0 8478.4  
440 468 1 -0.0725597 -0.0169889 3.02523 2175.62 -479.854 0 2298.44 0 8478.4  
468 469 0 -0.31114 0.00470533 -0.0122514 2190.54 480.953 -0 2289.26 -0 9956.94  
439 469 1 -0.0722388 -0.0584448 3.02716 2289.17 480.962 -0 2190.63 -0 9956.94  
469 470 0 -0.313889 -0.0131651 0.0691126 2176.41 481.865 -0 2301.86 -0 12715  
438 470 1 -0.0852052 -0.0832814 -3.10283 2205.75 484.782 -0 2272.52 -0 12715  
470 471 0 -0.310164 0.0119073 -0.179855 2069.06 546.796 -0 2078.93 -0 28182  
437 471 1 -0.00690659 -0.0593421 -2.95962 1708.25 406.495 -0 2439.74 -0 28182  
471 472 0 -0.137919 0.0319196 -0.402549 1888.93 254.551 -0 1738.56 -0 14095.7  
436 472 1 -0.0710036 -0.057293 -3.00714 1625.8 187.418 -0 2001.69 -0 14095.7  
472 473 0 -0.213045 0.0506608 -0.350411 1805.08 202.1 -0 2687.38 -0 15354.6  
435 473 1 0.0386506 -0.065713 -3.04414 1812.76 -218.087 0 2679.7 0 15354.6  
473 474 0 -0.33665 0.0646095 -0.300023 2694.08 159.386 -0 1777.62 -0 15321.4  
433 474 1 -0.0864075 0.0311384 -2.89021 2300.31 480.86 -0 2171.4 -0 15321.4  
474 475 0 -0.315836 0.0119541 -0.0468919 2531.25 391.368 -0 1959.69 -0 12685.7  
432 475 1 -0.101173 0.109081 -2.73852 2116.58 467.15 -0 2374.36 -0 12685.7  
475 476 0 -0.323856 -0.0135972 0.0807762 1953.2 -397.621 0 2508.29 0 11050.5  
431 476 1 -0.133634 0.239386 -2.5612 2415.03 -448.52 0 2046.46 0 11050.5  
476 477 0 -0.339075 -0.0092824 0.0518765 1895.81 -346.782 0 2538.73 0 12630.2  
429 477 1 -0.322551 0.369581 -1.90414 2689.47 24.9762 -0 1745.07 -0 12630.2  
477 478 0 -0.314868 -0.00439174 0.0251711 1858.17 -306.958 0 2578.33 0 12617  
414 478 1 0.192886 0.719938 -2.96912 1962.81 -398.283 0 2473.69 0 12617  
478 479 0 -0.324104 -0.000542526 6.96962e-05 1828.56 -280.271 0 2579.29 0 12623.5  
411 479 1 0.369183 0.548439 2.9129 1743.36 -85.6323 0 2664.48 0 12623.5  
479 480 0 -0.343067 -0.00700943 0.0249841 2528.96 293.984 -0 1808.98 -0 12625.4  
410 480 1 0.403995 0.477086 2.938 2621.75 104.899 -0 1716.18 -0 12625.4  
480 481 0 -0.315082 -0.000501968 1.13353e-05 1756.99 -261.823 0 2514.87 0 12610.8  
481 482 0 -0.324399 -0.000516908 1.26448e-05 2507.79 272.25 -0 1765.02 -0 12651.2  
482 483 0 -0.33991 -0.000539334 3.12755e-06 1760.04 -263.965 0 2503.66 0 12676  
483 484 0 -0.316055 -0.000504061 1.15416e-05 1752.56 -274.74 0 2487.05 0 12751.7  
484 485 0 -0.306188 0.00202947 -0.0257633 2467.74 245.466 -0 1709.54 -0 15426.9  
485 486 0 -0.301814 0.00589094 0.0112864 3329.43 -546.714 0 2458.5 0 21162.1  
486 487 0 -0.0877209 0.0206446 -0.293833 3119.83 -975.555 0 2377.82 0 26866.6  
487 488 0 -0.312526 -0.0280841 0.286854 1732.38 -390.579 0 1928.29 0 27004  
488 489 0 -0.229489 -0.0462143 0.356096 3297.92 -1627.89 0 2666.63 0 27012.5  
489 490 0 -0.230454 -0.0443547 0.317007 3539.8 -1447.14 0 2230.08 0 42181.3  
490 491 0 -0.31559 -0.0581546 0.274676 1472.2 -654.392 0 4423.57 0 56812.8  
491 492 0 -0.315834 -0.0115592 0.0419706 1883.56 -372.136 0 1673.1 0 42815.2  
492 493 0 -0.301026 -0.00048622 2.45118e-05 1813.15 -257.012 0 2236.35 0 56747.2  
493 494 0 -0.309802 0.00796515 -0.0647637 2401.65 -222.939 0 2284.91 0 56608.3  
494 495 0 -0.323587 0.0148251 -0.0707931 2014.02 -377.308 0 1718.49 0 56876.7  
495 496 0 -0.31605 -0.000351483 -0.000459316 1704.98 30.588 -0 2365.73 -0 56912  
496 497 0 -0.333002 -0.0005201 1.95801e-05 1461.61 -301.406 0 3750.86 0 124858  
497 498 0 -0.332408 -0.0036838 0.0264213 1828.8 -704.893 0 3105.74 0 57328.6  
498 499 0 -0.300647 -0.00251119 0.022077 1288.1 4.44898 -0 4484.81 -0 125046  
499 500 0 -0.34415 -0.00204704 0.00439977 1893.24 -1245.73 0 3851.14 0 125122  
500 501 0 -0.305036 -0.000498541 3.05858e-05 1345.85 87.8909 -0 4699.45 -0 125172  
501 502 0 -0.325388 -0.000536057 4.23945e-05 2042.45 -1354.44 0 4197.56 0 125448  
502 503 0 -0.332773 0.00904341 -0.0338919 1411.77 82.4453 -0 4923.58 -0 57027.3  
503 504 0 -0.32316 0.00308513 -0.0321067 1305.65 -765.649 0 4129.29 0 42668  
504 505 0 -0.31749 -0.000879245 0.00213517 1993.06 -1586.91 0 4574.58 0 42599.7  
505 506 0 -0.343732 -0.000898576 0.00543859 1455.25 -142.204 0 5052.72 0 56816.1  
506 507 0 -0.311225 -0.00643727 0.0211225 1471.17 -124.969 0 5108.19 0 57038.1  
507 508 0 -0.32437 -0.000517674 5.15499e-06 822.556 -598.429 0 4624.34 0 42612  
508 509 0 -0.301356 -0.00048844 2.96847e-05 831.401 -615.06 0 4682.64 0 42482.5  
509 510 0 -0.325856 -0.000518746 2.92843e-05 817.497 -603.251 0 4633.11 0 42478.3  
510 511 0 -0.324697 -0.00295975 5.52034e-06 769.18 -1156.17 0 4145.43 0 42497.9  
511 512 0 -0.305501 -0.00347162 0.0269661 458.096 -945.527 0 4424.57 0 42341.9  
512 513 0 -0.295564 -0.00767046 0.0692455 354.453 -877.78 0 4425.52 0 42281  
513 514 0 -0.290831 -0.00964124 0.344182 253.227 -658.774 0 4933.15 0 42243.9  
514 515 0 0.00335444 -0.00681879 0.321494 497.079 747.613 -0 4708.49 -0 28413.4  
515 516 0 -0.0265539 -0.0264457 0.302328 658.455 746.587 -0 1209.41 -0 56542.6  
514 516 1 -0.0134825 -0.0403001 0.623822 265.82 432.326 -0 1602.05 -0 56542.6  
516 517 0 -0.0818984 0.00590298 0.401166 1717.97 1301.95 -0 1163.77 -0 50405.2  
514 517 1 -0.0834037 -0.0833492 1.02499 294.308 676.201 -0 2587.43 -0 50405.2  
517 518 0 -0.0524026 -0.030948 0.372065 4295.74 1636.3 -0 1071.3 -0 42252.1  
518 519 0 -0.0747678 -0.0187953 0.355787 2610.39 -254.349 0 220.29 0 57015.4  
519 520 0 -0.119521 -0.0386335 0.343799 3774.24 -1235.81 0 966.718 0 42108.9  
515 520 1 -0.123787 -0.301142 1.77515 1361.18 1574.51 -0 3379.78 -0 42108.9  
520 521 0 -0.131206 -0.0338898 0.357031 2596.05 -1883.74 0 1886.07 0 42151.2  
521 522 0 -0.327328 -0.0391659 0.174142 931.491 -1444.21 0 2890.81 0 56178  
512 522 1 -0.0175337 -0.449856 3.04124 321.826 -720.772 0 3500.48 0 56178  
522 523 0 -0.296241 0.0123299 -0.036227 544.172 -1318.09 0 5037.65 0 42238.1  
512 523 1 0.275981 -0.491803 3.00501 326.497 -843.722 0 5255.32 0 42238.1  
523 524 0 -0.3512 0.0199852 -0.136145 859.543 -1367.64 0 4002.47 0 42202.5  
511 524 1 0.330546 -0.545939 2.89583 599.726 -993.154 0 4262.28 0 42202.5  
524 525 0 -0.306291 0.0182229 -0.0946457 1409.51 -1555.53 0 4202.33 0 42196.3  
509 525 1 -0.0273305 -0.641599 2.80122 840.717 -712.465 0 4771.13 0 42196.3  
525 526 0 -0.317281 0.0138127 -0.0387338 1716.63 -1476.17 0 3419.86 0 42194.6  
509 526 1 0.267137 -0.760539 2.76249 977.399 -611.162 0 4159.09 0 42194.6  
526 527 0 -0.316115 -0.000395731 -0.000294028 2251.13 -1666.94 0 2879.53 0 42184.8  
508 527 1 0.259623 -0.877633 2.76223 1191.04 -994.345 0 3939.62 0 42184.8  
527 528 0 -0.312444 -0.00639125 5.13815e-05 2300.08 -1776.59 0 3431.02 0 42146.2  
507 528 1 0.227854 -0.98792 2.76228 1232.89 -900.256 0 4498.21 0 42146.2  
528 529 0 -0.308642 0.00341316 -0.182851 2279.96 -1258.62 0 3681.56 0 42289.7  
506 529 1 0.225301 -1.10072 2.60055 1625.74 -489.054 0 4335.77 0 42289.7  
529 530 0 -0.0315735 0.00399508 0.305352 2977.46 -1347.53 0 2502.9 0 42274.7  
530 531 0 -0.0219504 -0.0120623 0.30097 1871.77 -1057.5 0 3603.67 0 42350.7  
506 531 1 0.274467 -1.11381 -3.07631 1485.98 -548.94 0 3989.46 0 42350.7  
531 532 0 -0.309986 0.023324 -0.273254 1126.78 -78.0676 0 2326.05 0 55986.7  
505 532 1 0.247648 -1.11456 2.93906 1143.78 -161.819 0 2309.05 0 55986.7  
532 533 0 -0.151917 0.0278271 -0.323268 1309.61 -475.079 0 1969.7 0 56586.1  
533 534 0 -0.179528 0.0281456 -0.320127 2355.07 -493.648 0 1764.02 0 56876.8  
534 535 0 -0.200442 0.0559811 -0.36334 3661.61 -1249.02 0 2514.72 0 56532.9  
535 536 0 -0.18104 0.0370431 -0.320747 1851.45 -414.078 0 1951.01 0 55738  
536 537 0 -0.155215 0.0320691 -0.310472 1423.66 61.5343 -0 1207.98 -0 28714  
537 538 0 -0.136052 0.0274504 -0.352015 1819.5 377.127 -0 701.359 -0 24332.2  
538 539 0 -0.312276 0.035291 -0.1532 3143.25 1243.1 -0 2408.22 -0 21360.5  
539 540 0 -0.307633 -0.00858085 0.0319581 1621.94 909.538 -0 4465.29 -0 42102.7  
540 541 0 -0.307181 -0.0130134 0.0913237 3069.38 1697.36 -0 3034.66 -0 42171.6  
541 542 0 -0.322543 -0.0134558 0.0547642 1899.04 1237.09 -0 4229.26 -0 42131.7  
540 542 1 -0.627153 -0.0558281 0.146088 1693.72 1004.89 -0 4434.58 -0 42131.7  
542 543 0 -0.309815 -0.000567003 1.91672e-05 3576 1624.09 -0 2559.9 -0 42248.2  
543 544 0 -0.32263 0.00217727 -0.0233908 3550.34 1618.39 -0 2556.81 -0 42134.5  
544 545 0 -0.301213 0.00194826 -0.0256655 1976.97 1296.37 -0 4120.92 -0 42250.1  
545 546 0 -0.0457921 -0.00532001 0.307228 3423.66 1675.38 -0 2746.4 -0 42228.2  
546 547 0 0.00301604 -0.00518703 0.306544 4383.33 1183.22 -0 1854.45 -0 42331.5  
547 548 0 0.00314968 -0.00546292 0.305294 3956.91 1536.44 -0 2331.91 -0 42358.4  
548 549 0 0.0185755 -0.00586834 0.376303 2415.99 -260.467 0 1458.19 0 42266.2  
549 550 0 0.00842823 -0.00016694 0.483252 3441.02 -443.138 0 1389.54 0 26972  
545 550 1 -0.0172419 0.00726999 1.77862 1773.22 914.475 -0 3057.34 -0 26972  
550 551 0 -0.00487257 -0.0294006 0.653232 2684.34 -1112.28 0 3001.26 0 42292.3  
551 552 0 0.0103796 0.00430075 0.340419 1320.52 -134.531 0 3562.4 0 42174.8  
550 552 1 0.000756288 -0.019677 0.99365 2278.45 -1117.16 0 2604.46 0 42174.8  
552 553 0 0.00053482 -0.00757463 0.331144 1922.8 990.153 -0 3465.27 -0 26931.8  
551 553 1 0.0134127 -0.00266063 0.671563 1471.51 283.945 -0 3916.57 -0 26931.8  
553 554 0 0.00367393 -0.022222 0.326141 2506.42 1077.87 -0 3281.81 -0 42144.9  
554 555 0 0.0101222 -0.00363832 0.399576 2557.82 1198.27 -0 2643.83 -0 42164.4  
555 556 0 0.000193297 0.00201132 0.320838 3704.93 415.694 -0 1329.41 -0 42123.2  
556 557 0 0.00388509 0.00238096 0.306582 4097.09 25.9136 -0 1431.09 -0 42188.2  
555 557 1 0.00312927 0.00549599 0.62742 3816.44 818.611 -0 1711.74 -0 42188.2  
557 558 0 -0.000348563 -0.0178529 0.412678 3249.37 -1132.05 0 2176.23 0 26868.9  
556 558 1 0.00894081 -0.0147446 0.71926 3803.07 -617.055 0 1622.53 0 26868.9  
558 559 0 0.00347851 -0.00511406 0.404457 2367.31 -1119.12 0 2485.06 0 26939  
556 559 1 0.014927 -0.0163002 1.12372 3527.76 -205.961 0 1324.61 0 26939  
559 560 0 0.00783298 -0.0146536 0.357925 2370.1 -990.634 0 3066.93 0 42126.4  
545 560 1 -0.0383283 0.0222428 -0.651573 1976.71 743.286 -0 3460.32 -0 42126.4  
560 561 0 0.00523588 -0.00231084 0.495952 1307.53 155.646 -0 1911.93 -0 26972.6  
559 561 1 0.0135466 -0.0149837 0.853878 1279.56 -80.8816 0 1939.89 0 26972.6  
561 562 0 0.00307655 -0.00576146 0.315519 2373.66 1203.6 -0 2957.89 -0 42127.8  
560 562 1 0.0106835 -0.0059141 0.811471 1498.46 413.965 -0 3833.09 -0 42127.8  
562 563 0 0.00225249 -0.00673708 0.334135 2434.19 1097.15 -0 2314.4 -0 26893.4  
560 563 1 0.0171205 -0.00891839 1.14561 1275.51 2.62518 -0 3473.08 -0 26893.4  
563 564 0 0.00334498 -0.00663006 0.37175 3106.05 826.061 -0 1649.04 -0 26887.9  
560 564 1 0.0245401 -0.0086061 1.51736 1276.14 2.54425 -0 3478.95 -0 26887.9  
564 565 0 0.00273446 -0.00359643 0.30188 3930.1 -299.469 0 1481.01 0 42112.6  
549 565 1 0.00107129 0.000125097 -0.127706 3278.47 -1122.92 0 2132.63 0 42112.6  
565 566 0 0.00338879 -0.00567292 0.319352 2874.61 -47.4329 0 1133.52 0 42032.4  
550 566 1 -0.00685732 -0.00291359 -0.291607 2257.08 -834.318 0 1751.05 0 42032.4  
566 567 0 0.00260249 -0.00582128 0.307873 1700.22 -392.994 0 2133 0 26934.5  
567 568 0 0.00367468 -0.00603542 0.330022 2415.15 -114.964 0 1572.82 0 42146.9  
550 568 1 -0.0022659 -0.0152122 0.346289 2418.67 -101.204 0 1569.3 0 42146.9  
568 569 0 0.00307719 -0.00544873 0.306283 2263.68 -344.083 0 1736.36 0 42111.3  
569 570 0 0.0129407 -0.00371099 0.310708 2013.29 -432.493 0 1985.86 0 42113.7  
570 571 0 0.0084753 -0.000818532 0.315408 1424.72 183.841 -0 3865.09 -0 26827.8  
569 571 1 0.0212605 -0.00189915 0.626116 1545.8 -560.902 0 3744.01 0 26827.8  
571 572 0 0.00378177 -0.00914521 0.351809 1699.93 352.553 -0 1800.21 -0 26869.6  
556 572 1 0.00634422 -0.0059416 -0.740853 2067.03 -162.304 0 1433.11 0 26869.6  
572 573 0 -0.00272514 -0.00165916 0.407676 2781.9 1101.48 -0 2162.34 -0 42003.4  
556 573 1 0.00321357 -0.00532663 -0.333177 3596.79 -210.553 0 1347.45 0 42003.4  
573 574 0 0.0115747 -0.0034142 0.449647 3360.41 578.299 -0 1190.22 -0 42077.8  
545 574 1 -0.0257323 0.0361618 -2.01674 1948.22 1185.27 -0 2602.41 -0 42077.8  
574 575 0 -0.00791185 -0.0159961 0.457913 3525.52 -454.061 0 1423.43 0 26878.8  
558 575 1 -0.010921 -0.00957877 -0.144876 2425.74 -1143.89 0 2523.2 0 26878.8  
575 576 0 0.0050103 -0.0144959 0.579629 1687.18 -371.015 0 1878.86 0 26933  
576 577 0 0.00164221 -0.00708984 0.450869 1541.83 -682.127 0 3360.37 0 42043.7  
577 578 0 0.00510285 -0.00851617 0.498919 1339.43 279.159 -0 3519.84 -0 42045  
578 579 0 0.00388159 -0.0119726 0.459932 1873.71 379.38 -0 1727.93 -0 42019.1  
577 579 1 0.0142399 -0.017172 0.958851 1521.54 266.917 -0 2080.1 -0 42019.1  
579 580 0 -0.00225599 0.00202505 0.373335 2142.18 172.845 -0 1457.89 -0 26969.5  
580 581 0 0.00407902 -0.0150993 0.364331 3567.75 275.951 -0 1350.69 -0 26916.3  
563 581 1 -0.00722038 0.0110203 0.67415 3201.4 868.419 -0 1717.03 -0 26916.3  
581 582 0 0.00456335 -0.00880182 0.464245 2114.43 -573.598 0 1186.07 0 26959.4  
582 583 0 0.00479462 -0.00758827 0.410606 2619.85 -1132.85 0 2315.95 0 26917.5  
560 583 1 0.0141111 0.00423206 2.69461 1324.98 12.6303 -0 3610.83 -0 26917.5  
583 584 0 0.00673827 -0.00990659 0.480333 1718.17 -873.641 0 3127.8 0 26838.1  
557 584 1 0.0108471 -0.0078956 -1.93319 3210.26 -800.13 0 1635.71 0 26838.1  
584 585 0 0.00387057 -0.0045493 0.331861 990.319 328.855 -0 2307.1 -0 41994.1  
585 586 0 0.00318519 -0.00543945 0.301191 1560.48 404.266 -0 2446.01 -0 42015.4  
555 586 1 0.0104605 -0.00514686 -0.672712 2542.12 262.837 -0 1464.37 -0 42015.4  
586 587 0 0.00272889 -0.00575803 0.301457 1589.04 152.333 -0 1691.18 -0 41990.8  
584 587 1 0.0142608 -0.011682 0.93451 1479.47 -3.01888 0 1800.75 0 41990.8  
587 588 0 0.00349007 -0.00629449 0.342017 1790.23 180.93 -0 1409.44 -0 41990.3  
558 588 1 -0.00973578 -0.0018268 -1.06934 1475.76 -231.5 0 1723.91 0 41990.3  
588 589 0 0.000736622 0.004283 0.32641 1603 339.894 -0 1017.71 -0 42007.5  
589 590 0 0.00332514 -0.0151894 0.318403 1811.19 -18.6231 0 1482.53 0 41988.8  
558 590 1 -0.0134519 -0.01385 -0.424523 1642.25 -165.318 0 1651.48 0 41988.8  
590 591 0 -0.0119329 0.0088682 -0.291313 2064.47 -413.968 0 1202.13 0 28407.5  
558 591 1 -0.0206729 -0.000853979 -0.715836 1607.43 -597.165 0 1659.17 0 28407.5  
591 592 0 -0.00408707 0.00512654 -0.331022 2345.89 -278.944 0 1230.83 0 41981.9  
587 592 1 -0.00562962 -0.0156216 0.364495 2162.5 498.671 -0 1414.23 -0 41981.9  
592 593 0 -0.000721924 0.0100518 -0.373273 2402.96 257.548 -0 1399.92 -0 26840.1  
555 593 1 -0.00256039 -0.0138094 -0.380033 2406.39 250.744 -0 1396.49 -0 26840.1  
593 594 0 4.55453e-05 0.00559486 -0.341762 1374.11 264.482 -0 536.361 -0 24536.5  
572 594 1 -0.00493265 -0.00987383 -0.30178 1351.64 297.096 -0 558.826 -0 24536.5  
594 595 0 -0.0055956 0.0104763 -0.467976 1412.04 333.044 -0 1647.65 -0 41913.2  
584 595 1 -0.00128401 -0.0144341 0.115994 1177.28 22.1951 -0 1882.41 -0 41913.2  
595 596 0 -0.00509383 0.00850236 -0.333133 1324.53 -68.332 0 2011.79 0 26753.3  
584 596 1 -0.00732763 -0.00657841 -0.217139 1349.45 -145.506 0 1986.87 0 26753.3  
596 597 0 -0.0259119 0.0326011 -0.586944 1351.45 -133.641 0 2102.06 0 41965.9  
567 597 1 -0.0133283 0.0120977 -0.0756029 1645.25 -389.963 0 1808.25 0 41965.9  
597 598 0 -0.064494 0.030882 -0.514543 1923.11 -961.845 0 1975.75 0 41940.5  
549 598 1 -0.0816091 -0.00529703 -0.0906274 2653.25 -656.106 0 1245.61 0 41940.5  
598 599 0 -0.0579709 0.0165198 -0.320902 2279.88 -341.718 0 1209.95 0 26698.3  
599 600 0 -0.0768241 0.0198755 -0.322245 2898.15 68.6539 -0 982.896 -0 41952.7  
600 601 0 -0.0850577 0.0178002 -0.317154 2456.18 -179.84 0 1474.76 0 41959.8  
601 602 0 -0.128305 0.0263181 -0.304836 2345.33 1156.14 -0 2343.74 -0 26932.6  
602 603 0 -0.26644 0.0596924 -0.319124 1284.87 484.66 -0 1576.25 -0 41940.8  
603 604 0 -0.306156 0.0017168 0.00277919 1142.72 310.719 -0 2148.55 -0 41991.7  
604 605 0 -0.304985 -0.0157127 0.100697 1284.07 420.541 -0 2107.43 -0 42090.9  
605 606 0 -0.312666 -0.028733 0.166776 2365.45 352.397 -0 1813.51 -0 42149.7  
606 607 0 -0.323574 -0.0125241 0.0486954 2680.23 1094.49 -0 3128.73 -0 42161.3  
607 608 0 -0.313633 -0.00556803 0.0185277 2814.63 1122.06 -0 3039 -0 42095.3  
608 609 0 -0.307518 -0.000493223 2.65854e-05 2909.26 1146.1 -0 3056.46 -0 42200.5  
609 610 0 -0.300068 0.00111058 -0.0201273 2285.68 920.865 -0 3692.82 -0 42149.4  
610 611 0 -0.342586 0.000844279 -0.00425484 2882.4 1149.34 -0 3115.06 -0 42220.5  
611 612 0 -0.305674 0.00512609 -0.0252905 2877.32 1152.83 -0 3127.49 -0 42184.1  
612 613 0 -0.316849 -0.000238697 -0.0055522 2825 1142.89 -0 3207.25 -0 42232.6  
613 614 0 -0.30459 0.00153012 -0.00715248 2793.07 1133.88 -0 3182.05 -0 42193.7  
614 615 0 -0.324107 -0.000523819 2.51236e-05 2776.6 1135.7 -0 3202.69 -0 42154.6  
615 616 0 -0.316405 -0.000512839 2.52307e-05 2019.73 196.201 -0 2725.16 -0 42140.6  
616 617 0 -0.323508 0.00254638 -0.0133915 2547.99 236.158 -0 1755.01 -0 42152.9  
617 618 0 -0.34341 -0.000253199 -0.00598981 1713.28 -195.739 0 2541.12 0 42124.5  
618 619 0 -0.315844 0.00461581 -0.0189103 2477.46 247.967 -0 1719.95 -0 42158.7  
619 620 0 -0.313659 0.0086877 -0.0552365 1664.39 -209.833 0 2439.06 0 42209.9  
620 621 0 -0.308594 0.0146931 -0.0711334 1634.63 -253.418 0 2323.55 0 42355.9  
621 622 0 -0.325423 0.0155967 -0.0912773 2203.57 304.491 -0 1641.12 -0 42399  
622 623 0 -0.30928 0.00792704 -0.0487595 2145.5 355.043 -0 1695.9 -0 42614.8  
623 624 0 -0.321567 -0.00452923 0.0386394 1722.71 -365.323 0 2135.77 0 56937.3  
624 625 0 -0.3224 -0.0119842 0.0321343 1676.27 259.136 -0 3674.53 -0 124626  
625 626 0 -0.324028 0.0118177 -0.0527271 2348.16 1543.92 -0 3936.55 -0 42717.5  
626 627 0 -0.284068 -0.0367381 0.314678 1305.97 256.263 -0 4377.28 -0 55770.9  
627 628 0 -0.31914 -0.0427715 0.203886 3076.27 1061.62 -0 3942.08 -0 42161.7  
628 629 0 -0.315462 -0.00707116 0.0335019 2550.69 303.365 -0 2134.21 -0 41999.2  
629 630 0 -0.308716 -0.000487046 -0.00390458 2606.38 -14.6219 0 1679.19 0 41994.6  
630 631 0 -0.306298 0.0108232 -0.0626814 3314.86 1054.35 -0 2556.11 -0 41963.8  
631 632 0 -0.303359 0.00531351 -0.0521772 2125.05 303.046 -0 2625.63 -0 41884.5  
632 633 0 -0.237328 0.0132332 -0.31601 1552.78 -79.0831 0 2349.03 0 41919.8  
633 634 0 -0.00376892 0.0165498 -0.71528 1122.75 -83.8463 0 1546.21 0 56602.3  
634 635 0 -0.0283671 0.0239538 -0.443138 1947.54 -432.577 0 4036.89 0 26802.6  
635 636 0 -0.0681392 0.0207897 -0.472689 2421.93 -991.679 0 3011.69 0 26796.9  
636 637 0 -0.0673672 0.0177956 -0.332577 3428.59 -1022.95 0 2484.66 0 26819.6  
637 638 0 -0.0750503 0.0379151 -0.375948 1583.39 366.379 -0 1386.23 -0 28389.2  
638 639 0 -0.0848699 0.0103675 -0.31051 1901.34 -36.0251 0 1422.9 0 28540.8  
639 640 0 -0.176065 0.0457111 -0.340069 1698.31 96.5732 -0 2595.9 -0 41876.3  
640 641 0 -0.299418 0.041056 -0.201383 2544.01 237.72 -0 1763.55 -0 41802.3  
630 641 1 -0.141173 0.133817 2.66072 2610.69 -5.40572 0 1696.88 0 41802.3  
641 642 0 -0.308074 -0.0118833 0.081422 2435.54 378.118 -0 1891.21 -0 41861.5  
630 642 1 0.13746 0.00185379 2.74215 2629.21 -6.9068 0 1697.54 0 41861.5  
642 643 0 -0.307204 -0.0419251 0.277713 1889.72 -54.7542 0 2786.8 0 41877.1  
629 643 1 0.127756 -0.0811877 3.01595 1988.39 285.966 -0 2688.13 -0 41877.1  
643 644 0 -0.121194 0.00982232 -0.320943 1757.04 -88.5136 0 2691.3 0 41917.6  
628 644 1 -0.0652823 -0.104865 2.72851 1748.73 -1.42186 0 2699.61 0 41917.6  
644 645 0 -0.00187966 0.00622604 -0.30152 1892.6 -346.543 0 2550.04 0 41910.8  
645 646 0 -0.00178293 0.00684657 -0.322099 2156.57 -475.777 0 2286.43 0 41896.3  
646 647 0 -0.00145848 0.00621562 -0.302312 2449.51 -420.821 0 1987.93 0 41902.9  
647 648 0 -0.00190352 0.00603329 -0.30215 2651.32 -211.839 0 1793.62 0 41907.7  
648 649 0 -0.00203153 0.00645934 -0.308461 1756.41 -89.5503 0 2699.84 0 41887.2  
649 650 0 -0.00209889 0.00647223 -0.311649 1882.29 -341.039 0 2554.91 0 41904.5  
648 650 1 -0.00206644 0.0132633 -0.62011 1746.98 -83.6072 0 2690.22 0 41904.5  
650 651 0 -0.00668709 0.00923398 -0.326732 2388.78 585.675 -0 2173.25 -0 41891.3  
651 652 0 -0.0142229 0.00850039 -0.362237 2456.5 -351.119 0 3809.06 0 41864  
652 653 0 -0.0240367 0.0155654 -0.301647 2672.97 -155.697 0 1771.39 0 41928.8  
653 654 0 -0.0162435 0.00683867 -0.430774 1582.91 -330.291 0 1764.78 0 55891  
643 654 1 -0.0245409 0.0205706 2.69266 1570.97 -326.772 0 1776.72 0 55891  
654 655 0 -0.00662786 0.00661399 -0.376878 2302.32 -240.768 0 1357.33 0 56390.8  
653 655 1 -0.019504 0.0156161 -0.807652 1954.84 -515.356 0 1704.82 0 56390.8  
655 656 0 -0.00762346 0.0298064 -0.534787 2316.91 -454.982 0 2673.57 0 26838  
652 656 1 -0.0147271 0.0563693 -1.64409 2240.04 416.755 -0 2750.44 -0 26838  
656 657 0 -0.0325836 0.00293476 -0.431782 3124.23 -771.999 0 3471.13 0 41865  
651 657 1 0.00838847 0.0947342 -2.4381 3999.97 364.492 -0 2595.39 -0 41865  
657 658 0 -0.0412493 0.017741 -0.340435 1522.99 188.396 -0 1038.32 -0 56589.4  
647 658 1 0.121972 0.0156537 2.25565 1559.64 -128.012 0 1001.67 0 56589.4  
658 659 0 -0.0619977 0.0126163 -0.309117 1307.43 222.962 -0 1407.67 -0 56341.3  
645 659 1 0.0980618 -0.10805 1.32213 1434.19 -215.29 0 1280.91 0 56341.3  
659 660 0 -0.0228637 0.011375 -0.341645 2077.62 -789.358 0 3369.51 0 41930.8  
660 661 0 -0.0378126 0.00543802 -0.299764 2608.81 -979.284 0 2610.83 0 41919.4  
628 661 1 -0.00614635 0.0429558 3.10771 3105.49 -844.573 0 2114.14 0 41919.4  
661 662 0 -0.0526078 0.0204976 -0.326982 2833.89 -255.366 0 2038.01 0 41887.3  
662 663 0 -0.0372034 0.00885699 -0.312797 2731.76 411.168 -0 1854.08 -0 41899.3  
663 664 0 -0.0370746 0.0130776 -0.308973 2059.57 -452.812 0 2262.24 0 41913.5  
664 665 0 -0.00219451 0.00588969 -0.30584 2452.14 -543.967 0 2013.75 0 26668.6  
663 665 1 -0.0373742 0.0193557 -0.614813 2096.45 -570.363 0 2369.44 0 26668.6  
665 666 0 -0.0220256 0.0101285 -0.318369 1786.34 308.234 -0 2824.61 -0 41917.5  
666 667 0 -0.00162952 0.00677916 -0.321008 1703.19 -61.1435 0 2910.63 0 41895.1  
667 668 0 -0.0129958 0.0118409 -0.376692 1230.92 372.173 -0 951.59 -0 24427.2  
668 669 0 -0.00552307 0.00877214 -0.352295 1910.95 -504.944 0 2022.85 0 28536.5  
669 670 0 -0.300717 -0.0371028 0.221476 2009.53 -287.864 0 2014.95 0 41830.6  
629 670 1 0.116959 -0.240743 0.672728 2236.5 -180.502 0 1787.98 0 41830.6  
670 671 0 -0.301232 -0.0174991 0.0858894 2446.3 -605.663 0 2230.01 0 21120.8  
631 671 1 0.536293 -0.418911 0.825203 2951.2 51.9382 -0 1725.11 -0 21120.8  
671 672 0 -0.300624 0.00303991 -0.0167495 1883.59 -242.992 0 2229.85 0 20999  
633 672 1 1.05215 -0.310751 1.17664 2349.32 58.3747 -0 1764.13 -0 20999  
672 673 0 -0.305964 -0.00420386 0.0885834 1889.93 -250.629 0 2221.05 0 12736.4  
673 674 0 -0.301686 0.00643633 -0.00573952 1909.31 264.306 -0 2203.25 -0 12716  
674 675 0 -0.222144 0.00863129 -0.308866 2477.34 100.519 -0 4017.02 -0 16917  
675 676 0 -0.000913495 0.00945516 -0.497835 2707.95 -3.11135 0 2719.92 0 16872.8  
676 677 0 -0.00569056 0.0174892 -0.517245 2313.87 150.36 -0 1806.12 -0 12697.5  
677 678 0 -0.00222892 0.0237673 -0.334332 764.183 -199.503 0 2300.68 0 16424.6  
678 679 0 -0.0773329 0.0315437 -0.461751 1310.93 -665.073 0 1706.71 0 16993.1  
674 679 1 -0.150768 0.116376 -2.12003 1819.46 620.472 -0 1198.19 -0 16993.1  
679 680 0 -0.0898292 -0.0011331 -0.312483 1731.52 -17.2358 0 2323.94 0 15332.5  
674 680 1 -0.104841 0.193585 -2.43251 2177.85 -255.936 0 1877.62 0 15332.5  
680 681 0 -0.109572 0.0422073 -0.44824 1827.92 172.761 -0 2304.37 -0 12730.1  
673 681 1 -0.294547 0.239297 -2.88649 1856.79 -206.801 0 2275.51 0 12730.1  
681 682 0 -0.0937358 0.0194038 -0.300367 1913.45 228.096 -0 1550.13 -0 15378.8  
673 682 1 -0.198948 0.244175 3.09633 1778.92 287.762 -0 1684.66 -0 15378.8  
682 683 0 -0.119881 0.0171947 -0.335286 1899.91 247.116 -0 2219.05 -0 15335.7  
673 683 1 -0.0799681 0.221573 2.76104 1922.9 260.53 -0 2196.05 -0 15335.7  
683 684 0 -0.32546 0.0397087 -0.30604 2068.64 295.952 -0 2064.23 -0 15405.6  
672 684 1 -0.104964 0.0777184 2.54359 2231.43 245.697 -0 1901.43 -0 15405.6  
684 685 0 -0.153507 0.0144368 -0.283711 3020.37 959.168 -0 2344.96 -0 20989.7  
672 685 1 0.0137749 -0.0206367 2.25987 3698.88 36.8537 -0 1666.45 -0 20989.7  
685 686 0 0.00578921 0.000142951 -0.308244 1914.55 0.400564 -0 1891.22 -0 15409.5  
672 686 1 0.00998368 -0.0162593 1.95163 1901.04 -11.5245 0 1904.72 0 15409.5  
686 687 0 -0.0111208 0.00940117 -0.305904 2038.29 -295.895 0 2092.01 0 15398.2  
672 687 1 0.00538958 -0.0300777 1.64572 1880.38 232.673 -0 2249.91 -0 15398.2  
687 688 0 -0.021812 0.0117532 -0.319432 1917.34 257.363 -0 2212.29 -0 15392.5  
684 688 1 -0.156296 0.0513428 -1.21729 2348.59 86.3581 -0 1781.05 -0 15392.5  
688 689 0 -0.0119829 0.0038888 -0.30491 1882.61 14.578 -0 1891.05 -0 20975.2  
684 689 1 -0.156796 0.0639311 -1.5222 1899.51 -8.34121 0 1874.15 0 20975.2  
689 690 0 -0.00230034 0.0061995 -0.311984 1887.57 5.60762 -0 1906.97 -0 20965.6  
690 691 0 0.00436415 0.0142517 -0.311942 1800.93 128.199 -0 2332.48 -0 15424.2  
691 692 0 -0.041895 0.00603379 -0.300413 2101.79 294.506 -0 2040.64 -0 15414.6  
692 693 0 -0.30427 0.0222053 -0.0676313 1896.51 -11.4024 0 1898.68 0 15344.4  
681 693 1 -0.14355 0.343023 2.82732 1891.24 -9.52749 0 1903.95 0 15344.4  
693 694 0 -0.30089 -0.0104155 -7.99713e-06 1892.07 238.013 -0 2244.19 -0 12696.7  
678 694 1 0.0869903 0.128985 1.60484 2259.98 -225.481 0 1876.28 0 12696.7  
694 695 0 -0.219377 0.0279379 -0.321248 2081.76 609.064 -0 1019.91 -0 10682.1  
675 695 1 -0.0529273 -0.0429697 -0.0658219 1716.19 790.885 -0 1385.47 -0 10682.1  
695 696 0 0.0058495 -0.0120584 -0.326382 2227.38 179.832 -0 1717.48 -0 17010.5  
696 697 0 0.00139257 0.0196234 -0.370813 1908.66 1.78245 -0 1894.92 -0 12678.6  
695 697 1 0.0134602 0.00608259 -0.697195 1908.33 -2.75731 0 1895.25 0 12678.6  
697 698 0 0.00755138 0.000247155 -0.3375 1782.13 130.741 -0 1909.68 -0 12692.6  
698 699 0 -0.0340497 0.0200279 -0.327585 1713.16 502.596 -0 2201.89 -0 16916.2  
675 699 1 -0.031043 -0.00339712 -1.4281 2507.58 -98.78 0 1407.48 0 16916.2  
699 700 0 -0.076528 0.00761464 -0.377781 922.212 -556.988 0 1735.04 0 17031.8  
678 700 1 -0.042959 -0.04757 -0.456471 839.937 -486.406 0 1817.31 0 17031.8  
700 701 0 -0.0574765 0.0314287 -0.366569 1735.45 -122.516 0 1931.66 0 15350.3  
679 701 1 0.00837889 -0.0243895 -0.361289 1736.75 -123.545 0 1930.36 0 15350.3  
701 702 0 -0.104471 0.0100602 -0.352873 2271.4 -157.399 0 1770.45 0 15354.4  
680 702 1 -0.00325427 0.0232062 -0.401679 2254.87 -181.061 0 1786.98 0 15354.4  
702 703 0 -0.127986 0.0409127 -0.313195 1885.92 -2.15115 0 1908.71 0 15342.9  
681 703 1 -0.0257022 0.0638633 -0.266634 1886.16 -3.20165 0 1908.46 0 15342.9  
703 704 0 -0.1818 0.0214842 -0.32045 2819.36 346.876 -0 2138.86 -0 20947.6  
683 704 1 -0.0300982 0.0538384 0.0485684 2497.43 485.548 -0 2460.79 -0 20947.6  
704 705 0 -0.0681619 0.0136586 -0.360237 2059.28 286.462 -0 1978.1 -0 20952.9  
683 705 1 -0.0988428 0.0641717 -0.311669 2031.31 289.049 -0 2006.07 -0 20952.9  
705 706 0 -0.230212 0.0161733 -0.313231 2950.48 154.465 -0 2031.89 -0 15385.8  
692 706 1 -0.080137 0.0426071 2.12768 2720.89 -426.67 0 2261.48 0 15385.8  
706 707 0 -0.0012249 0.00699948 -0.349516 1875.82 -230.296 0 2213.1 0 15393.5  
707 708 0 0.000900722 0.015362 -0.307344 1891.57 13.433 -0 1902.61 -0 15370  
708 709 0 -0.0213297 -0.00113849 -0.318071 1890.2 -242.272 0 2240.07 0 15413  
709 710 0 -0.00560891 0.0155548 -0.300204 2062.87 -299.941 0 2064.05 0 12739.3  
710 711 0 -0.00216629 0.00634221 -0.30914 1782.06 -107.389 0 2340.46 0 12745.5  
711 712 0 -0.0231558 0.00500358 -0.302139 2343.82 -100.922 0 1781.49 0 15368.9  
704 712 1 -0.2259 0.162645 -2.55988 2106.62 295.476 -0 2018.68 -0 15368.9  
712 713 0 -0.172078 0.0489288 -0.30029 1570.99 -233.543 0 1902 0 12719.2  
693 713 1 -0.0208404 -0.00694247 0.00860993 1736.86 -286.241 0 1736.13 0 12719.2  
713 714 0 -0.302717 -0.000340062 -0.000526509 1733.4 -284.938 0 1739.19 0 12697.9  
678 714 1 0.0872351 0.106327 1.61293 1714.89 284.148 -0 1757.7 -0 12697.9  
714 715 0 -0.199303 -0.0121286 -0.312357 2155.22 405.236 -0 1066.78 -0 15320.1  
696 715 1 0.0134469 -0.0247661 0.343364 1358.88 629.945 -0 1863.11 -0 15320.1  
715 716 0 -0.0330452 0.0411763 -0.59424 911.73 668.303 -0 1196.29 -0 16995.2  
695 716 1 -0.0230936 0.000780821 -0.577258 889.119 663.086 -0 1218.9 -0 16995.2  
716 717 0 0.00268571 0.0116686 -0.489594 681.623 171.116 -0 1956.52 -0 16908.1  
695 717 1 -0.0144752 0.00909297 -1.06685 1217.81 652.201 -0 1420.33 -0 16908.1  
717 718 0 -0.00212147 0.0282531 -0.428807 1707 -102.079 0 2095.31 0 11074.9  
697 718 1 -0.0151199 0.0114825 -0.798465 1688.91 55.3914 -0 2113.4 -0 11074.9  
718 719 0 -0.0672038 0.025298 -0.411673 1618.28 -231.869 0 1935.89 0 15356.7  
677 719 1 -0.0281965 -0.005863 -0.958075 1498.16 34.349 -0 2056.02 -0 15356.7  
719 720 0 -0.141522 0.0321354 -0.385575 1447.28 73.0401 -0 1994.58 -0 12700  
674 720 1 -0.1073 0.14627 -2.6676 1689.14 -281.441 0 1752.72 0 12700  
720 721 0 -0.068085 0.0165745 -0.3513 1986.06 126.412 -0 1468.74 -0 15304.8  
702 721 1 -0.0411616 0.029321 -0.184705 1930.49 204.057 -0 1524.31 -0 15304.8  
721 722 0 -0.0695419 0.0162996 -0.309259 1889.16 1.50409 -0 1870.55 -0 15365.8  
713 722 1 -0.189699 0.21397 2.99985 1888.15 4.48046 -0 1871.56 -0 15365.8  
722 723 0 -0.331481 0.0450214 -0.153663 1246.88 494.873 -0 1151.71 -0 28084.3  
708 723 1 0.0866286 0.0949037 1.31635 1053.6 -475.326 0 1345 0 28084.3  
723 724 0 -0.296415 0.0292419 0.022607 1452.61 344.689 -0 1953.71 -0 16540  
687 724 1 -0.0209424 -0.00920542 1.26109 1687.79 -425.852 0 1718.52 0 16540  
724 725 0 -0.304644 -0.0570254 0.263008 2106.66 296.538 -0 2023.38 -0 21125.2  
671 725 1 0.0239196 -0.0680842 -3.13011 2244.47 239.727 -0 1885.58 -0 21125.2  
725 726 0 -0.308572 -0.0105118 4.31313e-05 2310.89 -606.902 0 2324.93 0 41934.4  
670 726 1 0.0345287 -0.0428189 -3.04418 2428.47 -596.788 0 2207.35 0 41934.4  
726 727 0 -0.301058 0.0194891 -0.214282 782.084 248.456 -0 1167.53 -0 50504  
665 727 1 -0.00886265 0.0109088 1.87784 1286.53 41.2566 -0 663.085 -0 50504  
727 728 0 -0.101613 0.0397656 -0.331211 1355.64 -48.4504 0 1568.07 0 28446.4  
664 728 1 -0.0470047 -0.0827003 1.24079 1567.95 48.7056 -0 1355.76 -0 28446.4  
728 729 0 -0.0999728 0.0166673 -0.318118 1927.46 350.508 -0 1774.41 -0 42161.3  
729 730 0 -0.211753 0.0432415 -0.311011 2463.78 89.3697 -0 1610.53 -0 42262.6  
730 731 0 -0.275045 0.0503604 -0.348119 1662.22 1014.54 -0 3533.56 -0 42636.3  
731 732 0 -0.214194 0.0399141 -0.315459 1882.12 -413.058 0 2021.71 0 57301  
732 733 0 -0.196864 0.0328355 -0.300541 1890.8 -705.043 0 3241.29 0 124736  
733 734 0 -0.203673 0.0392165 -0.31452 1521.26 180.485 -0 2246.19 -0 57074.6  
734 735 0 -0.211445 0.0384764 -0.316209 2729.47 984.397 -0 2482.82 -0 124835  
735 736 0 -0.171708 0.0318602 -0.299838 2068.2 279.982 -0 3770.01 -0 57210.1  
736 737 0 -0.30412 0.050062 -0.248788 3328.29 20.5142 -0 3354.28 -0 124861  
737 738 0 -0.322519 -0.0051116 0.0602361 1522.66 -38.4023 0 3360.59 0 56550.2  
738 739 0 -0.315243 -0.026187 0.161323 1690.95 130.539 -0 2292.57 -0 42737  
739 740 0 -0.322486 -0.0157509 0.0819873 1671.31 -158.267 0 2233.69 0 42648.1  
740 741 0 -0.341017 -0.00509272 0.0148257 1626.32 -359.293 0 1856.65 0 42585.9  
741 742 0 -0.315004 -0.000507478 1.9245e-05 1441.05 -3.56182 0 3239.86 0 42876  
742 743 0 -0.325154 -0.000516741 1.8036e-05 1279 -272.094 0 4298.42 0 125136  
743 744 0 -0.340903 -0.000541363 2.84167e-06 1281.39 -271.599 0 4353.53 0 42977.5  
744 745 0 -0.31606 -0.000504914 1.61285e-05 1816.96 1154.35 -0 4124.29 -0 42758.5  
745 746 0 -0.323538 -0.000516059 2.29777e-05 1884.18 1199.07 -0 4290.91 -0 42618.5  
746 747 0 -0.306467 -0.00048246 9.82846e-06 1968.15 1262.97 -0 4483.83 -0 56991.9  
747 748 0 -0.322193 0.00613425 -0.024496 1996.28 1275.04 -0 4556.71 -0 42554.9  
748 749 0 -0.340009 -0.000538775 1.4724e-05 1930.48 1217.82 -0 4636.75 -0 42200.1  
749 750 0 -0.306449 -0.000480364 1.08443e-05 1937.37 1219.45 -0 4670.22 -0 42014.5  
750 751 0 -0.333841 -0.000527159 5.63734e-06 1502.55 -389.221 0 5057.3 0 21306.3  
751 752 0 -0.31897 0.00313131 -0.0133702 1240.08 1441.47 -0 5105.51 -0 21291.8  
752 753 0 -0.314931 -0.000512262 2.96477e-05 737.789 74.1096 -0 4767.11 -0 21242.8  
753 754 0 -0.318726 -0.00166268 9.48984e-06 907.666 816.199 -0 4582.06 -0 26825.8  
754 755 0 -0.311184 0.00065651 -1.96516e-07 610.767 423.071 -0 4311.36 -0 21243.4  
755 756 0 -0.334541 -0.00169297 2.17253e-05 425.794 256.236 -0 4447.45 -0 21268.6  
756 757 0 -0.30687 0.00293002 -0.0132652 528.889 482.609 -0 4628.02 -0 21292.7  
757 758 0 -0.318134 -0.000502954 9.92685e-06 418.151 199.461 -0 4474.14 -0 21278.9  
758 759 0 -0.314453 0.00052226 7.46549e-06 422.303 207.459 -0 4494.35 -0 21283.7  
759 760 0 -0.320401 -0.000512374 9.10936e-06 423.816 206.737 -0 4498.3 -0 21295.4  
760 761 0 -0.314859 -0.000505914 1.72177e-05 507.41 616.249 -0 4423.62 -0 21311.1  
761 762 0 -0.324104 -0.000520363 1.71486e-05 505.281 609.485 -0 4398.61 -0 26899  
762 763 0 -0.308688 -0.000487314 -4.67265e-06 421.967 200.1 -0 4493.38 -0 41996.9  
763 764 0 -0.32412 -0.000524147 4.33459e-05 853.801 747.209 -0 4476.91 -0 42061.9  
764 765 0 -0.340049 -0.000539848 2.22316e-05 696.236 17.4284 -0 4560.68 -0 42093.7  
765 766 0 -0.317259 -0.000501828 -6.51671e-06 695.096 23.9998 -0 4507.54 -0 42229.8  
766 767 0 -0.324553 -0.000520202 1.11807e-05 1108.42 286.741 -0 4185.76 -0 42466.4  
767 768 0 -0.334298 -0.000282597 -0.00489963 729.956 -396.508 0 5042.62 0 56094.2  
768 769 0 -0.308494 0.00526088 -0.0217584 1048.83 1193.04 -0 4698.27 -0 42692.4  
769 770 0 -0.322855 -0.000533241 3.22529e-05 1641.63 963.683 -0 4336.37 -0 42583.6  
770 771 0 -0.300445 -0.00048792 3.62503e-05 1661.92 974.599 -0 4362.29 -0 42672.8  
771 772 0 -0.33409 -0.000527107 2.06611e-05 1673.25 982.492 -0 4401.42 -0 57134  
772 773 0 -0.314453 -0.000494731 1.10929e-05 1682.05 985.76 -0 4421.96 -0 56945.4  
