 0 0.999981 8.00003 -9.55763e-05 
 1 1.04458 8.01005 0.38112 
 2 1.11015 8.0682 0.682312 
 3 1.15553 8.08193 0.966855 
 4 1.15509 8.07804 1.44885 
 5 1.15045 8.0821 1.83545 
 6 1.13143 8.10558 2.21021 
 7 1.07593 8.14818 2.72173 
 8 1.01043 8.16444 3.10821 
 9 0.822706 8.15251 -2.8777 
 10 0.712372 8.10015 -2.5271 
 11 0.500663 7.88424 -2.24822 
 12 0.306703 7.63968 -2.25587 
 13 0.101238 7.41168 -2.36328 
 14 -0.158364 7.18868 -2.48294 
 15 -0.440094 6.9932 -2.59048 
 16 -0.696883 6.83808 -2.60762 
 17 -0.973169 6.68113 -2.64431 
 18 -1.24837 6.5484 -2.75132 
 19 -1.52564 6.43031 -2.73087 
 20 -1.83726 6.28961 -2.696 
 21 -2.1295 6.13011 -2.5676 
 22 -2.40131 5.93708 -2.48842 
 23 -2.63406 5.74278 -2.37584 
 24 -2.85782 5.48298 -2.26135 
 25 -3.06251 5.24008 -2.26975 
 26 -3.25182 5.00492 -2.19885 
 27 -3.41873 4.7464 -2.09078 
 28 -3.5621 4.466 -1.98938 
 29 -3.68497 4.16438 -1.9252 
 30 -3.78883 3.84105 -1.83601 
 31 -3.86472 3.54307 -1.82472 
 32 -3.95506 3.24987 -1.936 
 33 -4.0866 2.97809 -2.08558 
 34 -4.24588 2.72176 -2.17318 
 35 -4.42643 2.46171 -2.17874 
 36 -4.60784 2.20099 -2.17872 
 37 -4.78795 1.94213 -2.17869 
 38 -4.96288 1.6807 -2.17866 
 39 -5.14376 1.43071 -2.17863 
 40 -5.32233 1.16109 -2.15402 
 41 -5.5005 0.88998 -2.1521 
 42 -5.68386 0.620894 -2.15207 
 43 -5.84309 0.363319 -2.08022 
 44 -5.94048 0.146251 -1.77878 
 45 -5.93297 -0.137253 -1.46971 
 46 -5.87296 -0.443867 -1.31073 
 47 -5.78151 -0.765377 -1.29053 
 48 -5.69617 -1.06188 -1.29052 
 49 -5.60678 -1.37035 -1.30915 
 50 -5.52718 -1.68535 -1.31665 
 51 -5.44533 -2.0004 -1.31663 
 52 -5.36001 -2.32205 -1.32869 
 53 -5.28629 -2.62052 -1.32863 
 54 -5.21038 -2.91784 -1.32862 
 55 -5.1348 -3.23378 -1.32862 
 56 -5.05657 -3.55039 -1.3286 
 57 -4.97473 -3.88169 -1.32859 
 58 -4.89884 -4.18886 -1.32858 
 59 -4.82089 -4.50432 -1.32857 
 60 -4.73881 -4.83649 -1.32856 
 61 -4.66326 -5.1423 -1.32855 
 62 -4.58693 -5.45116 -1.32855 
 63 -4.50465 -5.78415 -1.32855 
 64 -4.429 -6.0903 -1.32854 
 65 -4.35379 -6.39463 -1.32852 
 66 -4.27659 -6.70697 -1.32849 
 67 -4.20081 -7.01358 -1.32848 
 68 -4.1275 -7.30492 -1.31537 
 69 -4.0456 -7.6185 -1.3153 
 70 -3.95904 -7.94989 -1.31529 
 71 -3.8793 -8.25512 -1.31527 
 72 -3.79988 -8.55926 -1.31535 
 73 -3.74441 -8.86955 -1.55256 
 74 -3.75661 -9.17593 -1.64987 
 75 -3.79857 -9.49636 -1.77455 
 76 -3.81239 -9.56028 -2.07485 
 77 -3.82564 -9.57938 -2.37607 
 78 -4.02054 -9.78553 -2.04003 
 79 -4.10115 -10.0368 -1.73288 
 80 -4.11133 -10.3508 -1.49941 
 81 -4.08142 -10.651 -1.46306 
 82 -4.04571 -10.9811 -1.46307 
 83 -4.02043 -11.3173 -1.54072 
 84 -4.01182 -11.642 -1.54356 
 85 -4.00339 -11.9491 -1.55071 
 86 -4.0019 -12.2909 -1.56977 
 87 -4.00158 -12.5978 -1.56974 
 88 -4.00102 -12.9248 -1.56284 
 89 -3.94566 -13.2399 -1.25962 
 90 -3.8183 -13.5261 -1.09015 
 91 -3.67155 -13.8138 -1.12546 
 92 -3.54677 -14.0867 -1.16575 
 93 -3.43145 -14.3887 -1.23192 
 94 -3.33079 -14.6812 -1.24026 
 95 -3.22757 -14.982 -1.24025 
 96 -3.116 -15.2841 -1.17614 
 97 -2.97083 -15.5594 -0.979497 
 98 -2.83449 -15.825 -1.28108 
 99 -2.80483 -16.0219 -1.58697 
 100 -2.83169 -16.1988 -1.90446 
 101 -2.91262 -16.3512 -2.202 
 102 -2.93521 -16.378 -2.50459 
 103 -2.93951 -16.38 -2.89594 
 104 -2.94634 -16.3805 3.0491 
 105 -2.94972 -16.3812 2.73326 
 106 -2.95235 -16.3797 2.41495 
 107 -2.95416 -16.3772 2.09721 
 108 -2.96209 -16.3605 1.76332 
 109 -2.96204 -16.3311 1.44408 
 110 -2.93787 -16.0599 1.57376 
 111 -2.9465 -15.7482 1.87505 
 112 -2.97098 -15.682 2.19011 
 113 -3.02021 -15.6155 2.50996 
 114 -3.05774 -15.6045 2.82569 
 115 -3.12222 -15.707 -0.225045 
 116 -3.30847 -15.5935 -2.98839 
 117 -3.32348 -15.5454 -3.01624 
 118 -3.37565 -15.7037 1.48475 
 119 -3.39585 -15.8588 0.115728 
