 0 9.99998 2.32704e-05 -9.13452e-05 
 1 10.0511 0.0124353 0.432834 
 2 10.1363 0.0674979 0.791402 
 3 10.1609 0.0839038 1.19228 
 4 10.1613 0.0813489 1.53432 
 5 10.151 0.0782661 1.85878 
 6 10.1463 0.0836899 2.4376 
 7 10.1031 0.0850973 2.92363 
 8 10.0543 0.0958436 -3.0341 
 9 9.98634 0.0819439 -2.63521 
 10 9.92568 0.0235382 -2.32185 
 11 9.85651 -0.0835961 -2.00609 
 12 9.80023 -0.299147 -1.69181 
 13 9.77522 -0.614886 -1.65571 
 14 9.73153 -0.924568 -1.78409 
 15 9.63737 -1.25455 -1.9012 
 16 9.51593 -1.56621 -1.95898 
 17 9.39665 -1.84941 -1.98392 
 18 9.2703 -2.13763 -1.98396 
 19 9.1437 -2.42645 -1.9839 
 20 9.01402 -2.72234 -1.98384 
 21 8.87915 -3.0301 -1.98378 
 22 8.75569 -3.31189 -1.98374 
 23 8.61967 -3.62237 -1.98369 
 24 8.48643 -3.92657 -1.98365 
 25 8.36336 -4.20754 -1.98361 
 26 8.22215 -4.51896 -2.00875 
 27 8.07649 -4.83005 -2.00868 
 28 7.94328 -5.11461 -2.00864 
 29 7.80754 -5.40461 -2.00859 
 30 7.66355 -5.71225 -2.00854 
 31 7.52982 -5.998 -2.00849 
 32 7.3928 -6.29084 -2.00844 
 33 7.25179 -6.59262 -2.00484 
 34 7.12874 -6.87128 -1.96719 
 35 7.02968 -7.20116 -1.72197 
 36 7.01645 -7.51611 -1.53559 
 37 7.03071 -7.84408 -1.52686 
 38 7.03411 -8.18012 -1.61644 
 39 6.98801 -8.47639 -1.95341 
 40 6.80689 -8.75909 -2.24533 
 41 6.59276 -9.01889 -2.26665 
 42 6.36545 -9.25983 -2.34111 
 43 6.17463 -9.47659 -2.22516 
 44 6.02219 -9.78645 -1.90526 
 45 5.93548 -10.0603 -1.83942 
 46 5.83401 -10.3778 -1.89617 
 47 5.71904 -10.7008 -1.94584 
 48 5.60076 -11.014 -1.95128 
 49 5.56549 -11.2055 -1.61781 
 50 5.56932 -11.5263 -1.5239 
 51 5.5842 -11.831 -1.52353 
 52 5.59919 -12.1513 -1.52819 
 53 5.60388 -12.4558 -1.57092 
 54 5.60384 -12.7886 -1.5709 
 55 5.60381 -13.098 -1.57088 
 56 5.60379 -13.4146 -1.57084 
 57 5.60344 -13.732 -1.58084 
 58 5.59629 -14.0503 -1.59929 
 59 5.58237 -14.3561 -1.62102 
 60 5.5665 -14.672 -1.62097 
 61 5.55092 -14.9647 -1.5975 
 62 5.56916 -15.2956 -1.4717 
 63 5.60755 -15.596 -1.43076 
 64 5.65287 -15.9175 -1.43075 
 65 5.69929 -16.2468 -1.43073 
 66 5.7402 -16.5598 -1.45618 
 67 5.77716 -16.8827 -1.4624 
 68 5.80872 -17.1816 -1.46987 
 69 5.83744 -17.512 -1.4834 
 70 5.8648 -17.8535 -1.49626 
 71 5.88832 -18.1685 -1.49624 
 72 5.91284 -18.4867 -1.49622 
 73 5.9321 -18.8388 -1.52182 
 74 5.94888 -19.1809 -1.52179 
 75 5.96431 -19.4953 -1.52176 
 76 5.98023 -19.8195 -1.52173 
 77 5.992 -20.1399 -1.54941 
 78 5.99851 -20.4429 -1.54935 
 79 5.99939 -20.7692 -1.57445 
 80 5.99812 -21.1196 -1.57442 
 81 5.99701 -21.428 -1.57439 
 82 5.99586 -21.748 -1.57436 
 83 5.99478 -22.0555 -1.57433 
 84 6.01581 -22.3808 -1.34776 
 85 6.11877 -22.7062 -1.21062 
 86 6.22617 -22.9894 -1.20778 
 87 6.29643 -23.1364 -0.749768 
 88 6.36083 -23.152 -0.368005 
 89 6.43401 -23.1621 0.0388779 
 90 6.60871 -23.1363 0.385155 
 91 6.74335 -23.0546 0.719577 
 92 6.90048 -22.8583 1.00345 
 93 7.01164 -22.6163 1.30988 
 94 7.02663 -22.5538 0.993822 
 95 7.05226 -22.5486 0.682463 
 96 7.03587 -22.5465 0.226371 
 97 7.03872 -22.5455 -0.160547 
 98 7.08246 -22.5556 -0.538275 
 99 7.07797 -22.5569 -0.932741 
 100 7.08728 -22.6091 -1.3446 
 101 7.1285 -22.6566 -1.65884 
 102 7.07959 -22.7332 -2.11662 
 103 6.99927 -22.8047 -2.44468 
 104 6.86942 -22.8791 -2.74611 
 105 6.69776 -22.9164 -3.08546 
 106 6.35696 -22.895 3.03682 
 107 6.04785 -22.8725 3.13293 
 108 5.72551 -22.8931 -2.99197 
 109 5.39036 -22.9583 -2.93709 
 110 5.08308 -23.0257 -2.90986 
 111 4.77207 -23.099 -2.91003 
 112 4.45007 -23.1748 -2.91022 
 113 4.1549 -23.2369 -2.97613 
 114 4.04301 -23.2537 3.00288 
 115 4.02186 -23.2449 2.67814 
 116 4.01141 -23.2369 2.37379 
 117 4.00941 -23.2345 2.05529 
 118 4.00763 -23.2263 1.71588 
 119 4.04013 -22.9265 1.54162 
 120 4.0408 -22.6258 1.51611 
 121 4.06065 -22.3259 1.53227 
 122 4.05991 -22.0213 1.59888 
 123 4.05152 -21.7212 1.59895 
 124 4.05311 -21.419 1.54754 
 125 4.05907 -21.1189 1.57476 
 126 4.05786 -20.8188 1.57495 
 127 4.0566 -20.5064 1.57516 
 128 4.05526 -20.2154 1.57553 
 129 4.05381 -19.9008 1.57565 
 130 4.05011 -19.6102 1.61567 
 131 4.04097 -19.2982 1.56362 
 132 4.04313 -18.9964 1.56384 
 133 4.04527 -18.7005 1.56402 
 134 4.04732 -18.3996 1.56415 
 135 4.04928 -18.1078 1.56432 
 136 4.04588 -17.7956 1.589 
 137 4.04021 -17.482 1.589 
 138 4.03872 -17.1522 1.56223 
 139 4.04161 -16.8024 1.56228 
 140 4.04427 -16.4987 1.56233 
 141 4.0469 -16.1775 1.56235 
 142 4.033 -15.8753 1.77695 
 143 3.96914 -15.73 2.16551 
 144 3.83443 -15.5792 2.46886 
 145 3.62263 -15.4603 2.77241 
 146 3.39289 -15.4115 3.10968 
 147 3.21036 -15.4384 -2.87338 
 148 3.00905 -15.5331 -2.52423 
 149 2.86776 -15.6727 -2.1812 
 150 2.81075 -15.7841 -1.87398 
 151 2.77056 -16.1078 -1.82687 
 152 2.68307 -16.3092 -2.14128 
 153 2.55781 -16.4555 -2.44217 
 154 2.48499 -16.4983 -2.74502 
 155 2.33096 -16.5391 -3.04791 
 156 2.20787 -16.5312 2.92324 
 157 1.91032 -16.4722 3.07224 
 158 1.6097 -16.4634 3.12347 
 159 1.30745 -16.4621 -3.13898 
 160 1.00695 -16.463 3.14092 
 161 0.701246 -16.4628 3.14109 
 162 0.52223 -16.4625 2.80922 
 163 0.514666 -16.4617 2.36082 
 164 0.514632 -16.4614 2.02891 
 165 0.515669 -16.4607 1.72079 
 166 0.51515 -16.4279 1.41909 
 167 0.51768 -16.4152 1.10928 
 168 0.519361 -16.4123 0.806097 
 169 0.526158 -16.4083 0.480584 
 170 0.653325 -16.3769 0.111075 
 171 0.970134 -16.3798 -0.0959276 
 172 1.29093 -16.4121 -0.073031 
 173 1.63368 -16.4348 -0.0560181 
 174 1.95747 -16.4551 -0.101881 
 175 2.26097 -16.4925 0.0613271 
 176 2.41851 -16.4636 0.363833 
 177 2.62074 -16.3391 0.760715 
 178 2.79315 -16.0895 1.08901 
 179 2.83746 -15.985 1.39671 
 180 2.89905 -15.7101 1.09269 
 181 3.00778 -15.5706 0.708891 
 182 3.18064 -15.4731 0.398473 
 183 3.41833 -15.4109 0.0872975 
 184 3.65845 -15.4307 -0.259205 
 185 3.86322 -15.5152 -0.603569 
 186 4.01646 -15.6582 -0.923265 
 187 4.11985 -15.8531 -1.23893 
 188 4.17477 -16.1822 -1.56069 
 189 4.16976 -16.5328 -1.5694 
 190 4.18696 -16.8274 -1.44482 
 191 4.25515 -17.1545 -1.29426 
 192 4.35181 -17.4347 -1.22977 
 193 4.46426 -17.7491 -1.20592 
 194 4.58345 -18.0611 -1.20591 
 195 4.69306 -18.3481 -1.2059 
 196 4.81497 -18.6672 -1.20589 
 197 4.93165 -18.9896 -1.23154 
 198 5.03473 -19.2717 -1.23153 
 199 5.14225 -19.5864 -1.23151 
 200 5.25614 -19.909 -1.23149 
 201 5.36103 -20.1962 -1.23146 
 202 5.46935 -20.503 -1.23144 
 203 5.58265 -20.8239 -1.23142 
 204 5.68786 -21.122 -1.23142 
 205 5.79565 -21.4273 -1.2314 
 206 5.89804 -21.7191 -1.24482 
 207 5.98453 -22.0115 -1.33182 
 208 5.99144 -22.0539 -1.64276 
 209 5.98577 -22.3557 -1.51363 
 210 6.0114 -22.4639 -1.15045 
 211 6.10183 -22.5949 -0.850865 
 212 6.24893 -22.7227 -0.517711 
 213 6.4191 -22.7767 -0.212217 
 214 6.6091 -22.7866 0.117532 
 215 6.79829 -22.7336 0.452829 
 216 6.93972 -22.6359 0.762825 
 217 7.0576 -22.4781 1.08422 
 218 7.15195 -22.1864 1.34639 
 219 7.21633 -21.8904 1.35093 
 220 7.30681 -21.5596 1.23845 
 221 7.43182 -21.2417 1.14788 
 222 7.57463 -20.9601 1.08237 
 223 7.72761 -20.6722 1.08246 
 224 7.87267 -20.3991 1.0825 
 225 8.02455 -20.1132 1.08254 
 226 8.18479 -19.8115 1.08259 
 227 8.3327 -19.533 1.08263 
 228 8.48455 -19.247 1.08267 
 229 8.64212 -18.9503 1.08271 
 230 8.79019 -18.6714 1.08276 
 231 8.94222 -18.385 1.0828 
 232 9.10269 -18.0827 1.08284 
 233 9.25048 -17.8042 1.08289 
 234 9.40369 -17.5174 1.07105 
 235 9.56778 -17.217 1.0709 
 236 9.71489 -16.9476 1.07094 
 237 9.85033 -16.6789 1.26896 
 238 9.86508 -16.5791 1.60712 
 239 9.80939 -16.2711 1.91811 
 240 9.68967 -15.9804 1.97513 
 241 9.56249 -15.6826 1.96791 
 242 9.43659 -15.3651 1.92976 
 243 9.32893 -15.0668 1.89561 
 244 9.23263 -14.7533 1.85344 
 245 9.13953 -14.4326 1.85337 
 246 9.05199 -14.1311 1.85339 
 247 8.96123 -13.8185 1.8534 
 248 8.86616 -13.4911 1.85341 
 249 8.78166 -13.2002 1.85342 
 250 8.68015 -12.8745 1.88028 
 251 8.58888 -12.5829 1.85026 
 252 8.5214 -12.2792 1.72307 
 253 8.48951 -11.9797 1.64252 
 254 8.44415 -11.7853 2.06162 
 255 8.28746 -11.4985 2.07513 
 256 8.11621 -11.2282 2.19493 
 257 7.94701 -11.0203 1.88007 
 258 7.94753 -11.0176 1.50215 
 259 7.94749 -11.0152 1.18028 
 260 7.95406 -11.0064 0.816932 
 261 7.99103 -11.0005 0.371902 
 262 8.0377 -10.9746 -0.0119504 
 263 8.13248 -11.0013 -0.443174 
 264 8.21296 -11.0639 -0.75895 
 265 8.281 -11.1275 -1.13659 
 266 8.32033 -11.3273 -1.46821 
 267 8.32007 -11.4044 -1.80114 
 268 8.30479 -11.4325 -2.14086 
 269 8.23713 -11.5254 -1.82108 
 270 8.23556 -11.5236 -1.50546 
 271 8.23458 -11.5309 -1.18552 
 272 8.22351 -11.518 -0.879179 
 273 8.2314 -11.5262 -0.545145 
 274 8.40017 -11.6256 -0.867248 
 275 8.52033 -11.8396 -1.15092 
 276 8.57658 -12.0667 -1.49712 
 277 8.55501 -12.3904 -1.64504 
 278 8.5322 -12.6861 -1.6453 
 279 8.51001 -13.0078 -1.62636 
 280 8.49989 -13.3414 -1.59418 
 281 8.4926 -13.6533 -1.59415 
 282 8.49146 -13.9601 -1.5681 
 283 8.49228 -14.2718 -1.56806 
 284 8.48267 -14.5972 -1.73353 
 285 8.39438 -14.8994 -1.93895 
 286 8.27722 -15.1917 -1.92479 
 287 8.1844 -15.4771 -1.86116 
 288 8.1003 -15.7899 -1.80323 
 289 8.02647 -16.133 -1.77614 
 290 7.96967 -16.4215 -1.74971 
 291 7.91206 -16.7401 -1.74966 
 292 7.8559 -17.0508 -1.7496 
 293 7.80001 -17.3601 -1.74956 
 294 7.73753 -17.7159 -1.74952 
 295 7.68129 -18.0173 -1.74947 
 296 7.62352 -18.3371 -1.74945 
 297 7.56696 -18.6503 -1.74943 
 298 7.51089 -18.9609 -1.74938 
 299 7.4512 -19.2917 -1.74931 
 300 7.39011 -19.6303 -1.74928 
 301 7.33495 -19.9361 -1.74921 
 302 7.27886 -20.2472 -1.74917 
 303 7.2228 -20.5582 -1.74912 
 304 7.16526 -20.8775 -1.74909 
 305 7.1044 -21.2153 -1.74905 
 306 7.05048 -21.5148 -1.74903 
 307 7.02358 -21.818 -1.55478 
 308 7.04193 -22.127 -1.51046 
 309 7.01914 -22.3807 -1.82323 
 310 6.94825 -22.5486 -2.16195 
 311 6.84088 -22.6628 -2.48108 
 312 6.64689 -22.7758 -2.79969 
 313 6.32984 -22.8387 -3.04159 
 314 6.0163 -22.8551 -3.04823 
 315 5.69738 -22.9113 -2.92866 
 316 5.40047 -22.9854 -2.88917 
 317 5.085 -23.0628 -2.90285 
 318 4.76171 -23.1415 -2.90281 
 319 4.46142 -23.2118 -2.9152 
 320 4.15096 -23.2919 -2.86083 
 321 3.91458 -23.3797 -2.54975 
 322 3.76352 -23.4557 -2.86541 
 323 3.42554 -23.5114 -3.01634 
 324 3.09278 -23.5398 -3.11401 
 325 2.75122 -23.5426 3.1273 
 326 2.44401 -23.532 3.0933 
 327 2.11961 -23.5163 3.09313 
 328 1.7939 -23.501 3.09317 
 329 1.48461 -23.4856 3.09319 
 330 1.1611 -23.4762 3.12139 
 331 0.845824 -23.4699 3.12304 
 332 0.522089 -23.4701 -3.1363 
 333 0.198202 -23.4718 -3.1363 
 334 -0.108532 -23.4735 -3.13631 
 335 -0.432716 -23.4753 -3.13977 
 336 -0.738039 -23.4758 -3.13975 
 337 -1.06148 -23.4764 -3.13976 
 338 -1.36257 -23.477 -3.13976 
 339 -1.68414 -23.4776 -3.13975 
 340 -1.99314 -23.4781 -3.13974 
 341 -2.32614 -23.4788 -3.13971 
 342 -2.66591 -23.4794 -3.13969 
 343 -2.9802 -23.48 -3.13967 
 344 -3.29569 -23.4806 -3.1396 
 345 -3.62193 -23.4637 2.82936 
 346 -3.81202 -23.3642 2.5236 
 347 -3.96133 -23.2196 2.22233 
 348 -4.06954 -23.0199 1.90864 
 349 -4.12485 -22.6973 1.58733 
 350 -4.1244 -22.5926 1.98925 
 351 -4.12601 -22.5931 2.27852 
 352 -4.13223 -22.5896 2.68875 
 353 -4.16585 -22.5884 2.99992 
 354 -4.21879 -22.5921 -2.90043 
 355 -4.28477 -22.6228 -2.49998 
 356 -4.36918 -22.7188 -2.1256 
 357 -4.42314 -22.8468 -1.832 
 358 -4.44015 -23.0175 -1.51224 
 359 -4.39197 -23.3371 -1.39177 
 360 -4.34198 -23.6746 -1.47758 
 361 -4.33875 -23.9907 -1.65924 
 362 -4.3843 -24.3133 -1.74045 
 363 -4.44184 -24.6496 -1.74019 
 364 -4.49487 -24.9598 -1.74016 
 365 -4.54978 -25.2809 -1.74011 
 366 -4.60549 -25.6076 -1.73626 
 367 -4.65058 -25.9116 -1.71389 
 368 -4.69835 -26.2432 -1.71384 
 369 -4.74208 -26.5468 -1.71381 
 370 -4.78541 -26.8664 -1.68709 
 371 -4.82087 -27.171 -1.68668 
 372 -4.85751 -27.4857 -1.68664 
 373 -4.89411 -27.8002 -1.6866 
 374 -4.93143 -28.1211 -1.68658 
 375 -4.97048 -28.457 -1.68653 
 376 -5.00709 -28.7719 -1.68649 
 377 -5.04464 -29.0949 -1.68647 
 378 -5.08204 -29.4169 -1.68643 
 379 -5.118 -29.7266 -1.68635 
 380 -5.15343 -30.0319 -1.68633 
 381 -5.1888 -30.3366 -1.6863 
 382 -5.22387 -30.6389 -1.68627 
 383 -5.26127 -30.9614 -1.68623 
 384 -5.29648 -31.2651 -1.68621 
 385 -5.33422 -31.5907 -1.68618 
 386 -5.37353 -31.9298 -1.68615 
 387 -5.41006 -32.2452 -1.68609 
 388 -5.44537 -32.5503 -1.68604 
 389 -5.46788 -32.8018 -2.01072 
 390 -5.52257 -32.842 -2.37732 
 391 -5.54045 -32.8741 -2.79554 
 392 -5.64185 -32.8945 -3.10087 
 393 -5.77728 -32.8875 2.85089 
 394 -5.96846 -32.7614 2.54015 
 395 -6.20137 -32.5558 2.28915 
 396 -6.27832 -32.4984 2.63304 
 397 -6.34275 -32.4665 2.92013 
 398 -6.39623 -32.4591 -3.05707 
 399 -6.67591 -32.4934 -3.10676 
 400 -6.82059 -32.463 2.73362 
 401 -6.9154 -32.4231 2.43424 
 402 -7.11653 -32.1714 2.16381 
 403 -7.28158 -31.9016 2.13269 
 404 -7.46618 -31.6452 2.20294 
 405 -7.65105 -31.4008 2.23711 
 406 -7.85156 -31.1462 2.24335 
 407 -8.0604 -30.887 2.24985 
 408 -8.25802 -30.6422 2.24987 
 409 -8.46794 -30.3821 2.24988 
 410 -8.67623 -30.124 2.2499 
 411 -8.8652 -29.8899 2.25002 
 412 -9.04705 -29.6483 2.45917 
 413 -9.07411 -29.6239 2.14986 
 414 -9.09993 -29.5565 1.84879 
 415 -9.15192 -29.3504 2.14899 
 416 -9.16239 -29.336 2.46547 
 417 -9.16044 -29.3369 2.76785 
 418 -9.19561 -29.3307 3.11499 
 419 -9.19762 -29.3299 -2.86022 
 420 -9.24124 -29.3469 -2.5294 
 421 -9.26784 -29.3729 -2.21964 
 422 -9.26604 -29.3671 -1.85525 
 423 -9.26615 -29.3616 -1.47442 
 424 -9.26509 -29.3569 -0.962834 
 425 -9.26665 -29.3541 -0.48676 
 426 -9.26864 -29.3528 -0.161959 
 427 -9.27179 -29.353 0.189156 
 428 -9.26663 -29.3512 0.514746 
 429 -8.99641 -29.2078 0.758626 
 430 -8.92911 -29.1256 1.06285 
 431 -8.89144 -29.0293 1.36381 
 432 -8.85333 -28.7305 1.46036 
 433 -8.84664 -28.429 1.65894 
 434 -8.88125 -28.1278 1.76222 
 435 -8.92667 -27.9616 2.11289 
 436 -9.01723 -27.8685 2.42631 
 437 -9.2073 -27.7498 2.78133 
 438 -9.45529 -27.7048 3.10439 
 439 -9.7882 -27.7128 -3.09471 
 440 -10.0967 -27.7305 -3.08053 
 441 -10.4203 -27.7549 -3.05405 
 442 -10.7199 -27.7774 -3.0997 
 443 -11.0331 -27.7815 -3.13506 
 444 -11.317 -27.809 -2.8283 
 445 -11.4634 -27.884 -2.4792 
 446 -11.5848 -28.0154 -2.16967 
 447 -11.7272 -28.3164 -1.91074 
 448 -11.8265 -28.6031 -1.87085 
 449 -11.8554 -28.7156 -1.52723 
 450 -11.8465 -28.7644 -1.20434 
 451 -11.8154 -28.8163 -0.838887 
 452 -11.7816 -28.8442 -0.512415 
 453 -11.7224 -28.8671 -0.212237 
 454 -11.6844 -28.8676 0.0957282 
 455 -11.6866 -28.8685 0.402547 
 456 -11.6886 -28.8699 0.711104 
 457 -11.6893 -28.8713 1.00866 
 458 -11.6896 -28.8732 1.31495 
 459 -11.6791 -28.571 1.56578 
 460 -11.6776 -28.271 1.56601 
 461 -11.6658 -28.0326 1.25351 
 462 -11.6268 -27.9547 0.953452 
 463 -11.5347 -27.8527 0.64653 
 464 -11.4341 -27.7946 0.337882 
 465 -11.122 -27.7323 0.0589241 
 466 -10.8132 -27.7307 -0.016745 
 467 -10.5129 -27.7382 -0.0298381 
 468 -10.208 -27.7519 -0.055293 
 469 -9.89765 -27.774 -0.0675444 
 470 -9.58364 -27.784 0.00156824 
 471 -9.27316 -27.7923 -0.178287 
 472 -9.14022 -27.8409 -0.580835 
 473 -8.98538 -27.9954 -0.931247 
 474 -8.83151 -28.3015 -1.23127 
 475 -8.73719 -28.6031 -1.27816 
 476 -8.63276 -28.91 -1.19739 
 477 -8.50187 -29.2229 -1.14551 
 478 -8.36888 -29.5084 -1.12034 
 479 -8.22774 -29.8001 -1.12027 
 480 -8.07298 -30.1064 -1.09528 
 481 -7.92874 -30.3865 -1.09527 
 482 -7.78023 -30.6749 -1.09526 
 483 -7.62462 -30.9771 -1.09526 
 484 -7.47992 -31.2581 -1.09525 
 485 -7.34152 -31.5312 -1.12101 
 486 -7.21624 -31.8059 -1.10972 
 487 -7.19027 -31.8918 -1.40356 
 488 -7.11648 -32.1972 -1.1167 
 489 -6.9803 -32.3876 -0.760606 
 490 -6.78656 -32.5198 -0.443599 
 491 -6.47833 -32.6085 -0.168923 
 492 -6.16524 -32.6515 -0.126953 
 493 -5.86664 -32.6896 -0.126928 
 494 -5.56021 -32.7359 -0.191692 
 495 -5.24517 -32.8113 -0.262485 
 496 -4.93999 -32.8934 -0.262944 
 497 -4.61843 -32.98 -0.262925 
 498 -4.29675 -33.0638 -0.236503 
 499 -4.00409 -33.1327 -0.214427 
 500 -3.66752 -33.2046 -0.210027 
 501 -3.36919 -33.2682 -0.209996 
 502 -3.05094 -33.336 -0.209954 
 503 -2.72734 -33.414 -0.243846 
 504 -2.41444 -33.4949 -0.275952 
 505 -2.10888 -33.5811 -0.273817 
 506 -1.77788 -33.6738 -0.268379 
 507 -1.47632 -33.751 -0.247256 
 508 -1.16182 -33.8304 -0.247251 
 509 -0.869621 -33.9042 -0.247221 
 510 -0.553673 -33.9839 -0.247192 
 511 -0.238244 -34.061 -0.247186 
 512 0.0585825 -34.1334 -0.22022 
 513 0.348337 -34.1923 -0.150975 
 514 0.6374 -34.2338 0.193207 
 515 0.635027 -34.2338 0.514701 
 516 0.648901 -34.2024 0.817029 
 517 0.716125 -34.151 1.2182 
 518 0.712569 -34.0924 1.59026 
 519 0.699382 -34.0166 1.94605 
 520 0.625629 -33.9158 2.28985 
 521 0.518258 -33.8337 2.64688 
 522 0.213152 -33.7091 2.82102 
 523 -0.0641841 -33.6043 2.78479 
 524 -0.387181 -33.4648 2.64865 
 525 -0.649098 -33.3051 2.554 
 526 -0.90565 -33.1179 2.51527 
 527 -1.1617 -32.9325 2.51497 
 528 -1.41825 -32.7541 2.51503 
 529 -1.66837 -32.5727 2.33217 
 530 -1.68351 -32.5422 2.63753 
 531 -1.70648 -32.5365 2.9385 
 532 -2.00707 -32.4558 2.66524 
 533 -2.133 -32.3664 2.34197 
 534 -2.24293 -32.2215 2.02185 
 535 -2.28656 -32.0186 1.65851 
 536 -2.2716 -31.8346 1.33776 
 537 -2.21004 -31.6887 1.02729 
 538 -2.1213 -31.582 0.675274 
 539 -1.85695 -31.4122 0.522074 
 540 -1.59399 -31.2524 0.554032 
 541 -1.33831 -31.0816 0.645356 
 542 -1.08772 -30.8781 0.70012 
 543 -0.850828 -30.6784 0.700139 
 544 -0.602662 -30.4722 0.676748 
 545 -0.366631 -30.2851 0.651083 
 546 -0.328969 -30.2574 0.958311 
 547 -0.329472 -30.2596 1.26485 
 548 -0.329621 -30.2619 1.57015 
 549 -0.328181 -30.279 1.94645 
 550 -0.317452 -30.2814 2.4297 
 551 -0.335554 -30.2885 3.08294 
 552 -0.325689 -30.2781 -2.85983 
 553 -0.325932 -30.2793 -2.52869 
 554 -0.314718 -30.2908 -2.20255 
 555 -0.313004 -30.2815 -1.80297 
 556 -0.321289 -30.2803 -1.48213 
 557 -0.329928 -30.2781 -1.17555 
 558 -0.320063 -30.2763 -0.762872 
 559 -0.323306 -30.277 -0.358416 
 560 -0.326746 -30.2675 -0.000490504 
 561 -0.329572 -30.2747 0.495462 
 562 -0.331193 -30.2761 0.810981 
 563 -0.332107 -30.2768 1.14512 
 564 -0.332346 -30.2788 1.51687 
 565 -0.330102 -30.2808 1.81875 
 566 -0.328939 -30.2829 2.1381 
 567 -0.327852 -30.2842 2.44597 
 568 -0.325585 -30.2855 2.77599 
 569 -0.323382 -30.2857 3.08227 
 570 -0.311285 -30.2841 -2.8902 
 571 -0.305369 -30.277 -2.57479 
 572 -0.302012 -30.2775 -2.22299 
 573 -0.309649 -30.2772 -1.81531 
 574 -0.312433 -30.2666 -1.36566 
 575 -0.303405 -30.275 -0.907748 
 576 -0.301666 -30.2714 -0.32812 
 577 -0.301841 -30.2731 0.12275 
 578 -0.304344 -30.2744 0.621669 
 579 -0.307601 -30.273 1.0816 
 580 -0.297665 -30.2741 1.45494 
 581 -0.305908 -30.2759 1.81927 
 582 -0.305168 -30.2783 2.28351 
 583 -0.302835 -30.2804 2.69412 
 584 -0.299107 -30.2829 -3.10874 
 585 -0.296401 -30.2809 -2.77687 
 586 -0.294449 -30.2796 -2.47568 
 587 -0.293128 -30.2783 -2.17423 
 588 -0.292146 -30.2762 -1.83221 
 589 -0.302558 -30.2737 -1.5058 
 590 -0.293793 -30.2708 -1.1874 
 591 -0.291934 -30.2839 -1.47871 
 592 -0.290097 -30.2889 -1.80973 
 593 -0.293272 -30.2902 -2.183 
 594 -0.292998 -30.2918 -2.52477 
 595 -0.30015 -30.2951 -2.99274 
 596 -0.306553 -30.294 2.95731 
 597 -0.331314 -30.2675 2.37037 
 598 -0.364645 -30.2056 1.85582 
 599 -0.371338 -30.1461 1.53492 
 600 -0.354891 -30.0688 1.21268 
 601 -0.313782 -29.9924 0.895524 
 602 -0.217011 -29.9044 0.590687 
 603 0.0350292 -29.8002 0.271564 
 604 0.330569 -29.7202 0.274343 
 605 0.620689 -29.6248 0.37504 
 606 0.902796 -29.487 0.541816 
 607 1.17437 -29.3107 0.590511 
 608 1.43229 -29.1321 0.609039 
 609 1.68451 -28.9562 0.609065 
 610 1.9313 -28.7855 0.588938 
 611 2.2169 -28.5963 0.584683 
 612 2.47461 -28.4318 0.559393 
 613 2.74325 -28.2638 0.55384 
 614 3.00329 -28.1052 0.546688 
 615 3.28015 -27.9367 0.546713 
 616 3.55043 -27.7722 0.546738 
 617 3.82823 -27.6064 0.533347 
 618 4.12404 -27.432 0.527357 
 619 4.39935 -27.2771 0.508447 
 620 4.67728 -27.1315 0.45321 
 621 4.96077 -27.0087 0.382077 
 622 5.26811 -26.9006 0.290799 
 623 5.56655 -26.8191 0.24204 
 624 5.87799 -26.7389 0.280679 
 625 6.1848 -26.6391 0.312814 
 626 6.49658 -26.5502 0.260087 
 627 6.76436 -26.4477 0.574764 
 628 7.01185 -26.2419 0.778651 
 629 7.23229 -26.0161 0.812153 
 630 7.44462 -25.792 0.808248 
 631 7.66349 -25.5775 0.745567 
 632 7.8896 -25.3752 0.693389 
 633 8.0776 -25.2286 0.37738 
 634 8.0869 -25.2286 -0.3379 
 635 8.11034 -25.2532 -0.781038 
 636 8.15196 -25.311 -1.25373 
 637 8.16249 -25.3796 -1.5863 
 638 8.13062 -25.4555 -1.96225 
 639 8.09382 -25.5331 -2.27276 
 640 7.94942 -25.643 -2.61283 
 641 7.67166 -25.7618 -2.81421 
 642 7.38301 -25.8702 -2.73279 
 643 7.11465 -26.0256 -2.45508 
 644 7.01779 -26.1002 -2.77602 
 645 7.01509 -26.1009 -3.07754 
 646 7.01227 -26.1006 2.88355 
 647 7.01005 -26.0997 2.58123 
 648 7.00773 -26.0981 2.27908 
 649 7.0061 -26.0956 1.97062 
 650 7.00522 -26.0927 1.65897 
 651 7.00736 -26.0847 1.33224 
 652 7.01242 -26.07 0.970004 
 653 7.03447 -26.0549 0.668357 
 654 7.04772 -26.0426 0.237583 
 655 7.05535 -26.04 -0.139295 
 656 7.06289 -26.0608 -0.674082 
 657 7.09314 -26.0781 -1.10586 
 658 7.10219 -26.121 -1.4463 
 659 7.10342 -26.1842 -1.75542 
 660 7.09438 -26.207 -2.09706 
 661 7.0753 -26.2406 -2.39682 
 662 7.02627 -26.2666 -2.72381 
 663 6.99027 -26.2795 -3.0366 
 664 6.95174 -26.2765 2.93761 
 665 6.94866 -26.276 2.63177 
 666 6.93048 -26.2614 2.3134 
 667 6.92904 -26.2591 1.99239 
 668 6.92727 -26.2441 1.6157 
 669 6.92884 -26.2373 1.2634 
 670 6.98928 -25.9404 1.48488 
 671 6.99989 -25.6389 1.57077 
 672 7.00308 -25.3383 1.55402 
 673 7.00627 -25.0322 1.6426 
 674 6.99141 -24.7308 1.63686 
 675 6.97958 -24.5081 1.328 
 676 6.98029 -24.5048 0.830164 
 677 6.99149 -24.5038 0.312919 
 678 6.99993 -24.5192 -0.0214138 
 679 7.0788 -24.5436 -0.483164 
 680 7.16252 -24.5795 -0.795647 
 681 7.21645 -24.6827 -1.24389 
 682 7.23392 -24.7767 -1.54425 
 683 7.22633 -24.8979 -1.87954 
 684 7.09459 -25.1984 -2.18558 
 685 6.99818 -25.3192 -2.46929 
 686 7.00567 -25.3208 -2.77754 
 687 6.99321 -25.3219 -3.08344 
 688 6.97013 -25.3178 2.88031 
 689 6.95712 -25.3165 2.5754 
 690 6.95441 -25.3147 2.26342 
 691 6.96283 -25.3121 1.95148 
 692 6.94711 -25.2723 1.65106 
 693 6.94398 -24.9673 1.58343 
 694 6.93024 -24.6666 1.58342 
 695 6.94943 -24.4459 1.26218 
 696 6.93037 -24.4449 0.935794 
 697 6.94029 -24.4523 0.564981 
 698 6.93145 -24.4503 0.227481 
 699 6.96871 -24.4557 -0.100104 
 700 7.04621 -24.4638 -0.477885 
 701 7.08718 -24.5125 -0.844454 
 702 7.15489 -24.5937 -1.19733 
 703 7.16937 -24.7265 -1.51052 
 704 7.16494 -24.9099 -1.83097 
 705 7.14059 -24.9752 -2.19121 
 706 6.99776 -25.1573 -2.50444 
 707 6.99572 -25.1586 -2.85396 
 708 6.99306 -25.1497 3.12189 
 709 6.97059 -25.1566 2.80382 
 710 6.96767 -25.1453 2.50361 
 711 6.96534 -25.1433 2.19447 
 712 6.95055 -25.1243 1.89233 
 713 6.93698 -24.9466 1.59204 
 714 6.93068 -24.6439 1.59152 
 715 6.90858 -24.444 1.27916 
 716 6.94781 -24.4178 0.684918 
 717 6.94896 -24.4198 0.195324 
 718 6.95664 -24.4386 -0.233483 
 719 7.01959 -24.4714 -0.645156 
 720 7.11886 -24.5772 -1.03073 
 721 7.14608 -24.6417 -1.38203 
 722 7.14916 -24.7128 -1.69129 
 723 7.06711 -25.037 -1.84495 
 724 6.95784 -25.3141 -1.82235 
 725 6.93154 -25.6227 -1.55934 
 726 6.94509 -25.9311 -1.5593 
 727 6.93285 -26.2328 -1.77358 
 728 6.87944 -26.3266 -2.10479 
 729 6.81896 -26.4081 -2.42291 
 730 6.63424 -26.5199 -2.73392 
 731 6.36328 -26.589 -3.08204 
 732 6.14652 -26.5679 2.88569 
 733 5.96214 -26.4915 2.58515 
 734 5.80603 -26.3551 2.27063 
 735 5.69417 -26.1716 1.95442 
 736 5.65391 -26.0018 1.65458 
 737 5.67388 -25.6944 1.40579 
 738 5.72351 -25.3757 1.46603 
 739 5.73416 -25.0595 1.62735 
 740 5.70235 -24.7382 1.70934 
 741 5.65104 -24.401 1.72417 
 742 5.60291 -24.0897 1.72419 
 743 5.55323 -23.7684 1.7242 
 744 5.50114 -23.4315 1.72421 
 745 5.45284 -23.1192 1.72422 
 746 5.4034 -22.7994 1.72425 
 747 5.35656 -22.4965 1.72426 
 748 5.3134 -22.1772 1.69976 
 749 5.26967 -21.84 1.69977 
 750 5.23027 -21.5361 1.69978 
 751 5.18733 -21.205 1.69979 
 752 5.14964 -20.8883 1.68642 
 753 5.1133 -20.5755 1.68645 
 754 5.07537 -20.259 1.68646 
 755 5.04061 -19.9498 1.68646 
 756 5.00085 -19.6176 1.68648 
 757 4.96856 -19.3124 1.67322 
 758 4.93603 -18.9959 1.67323 
 759 4.9049 -18.683 1.67323 
 760 4.87213 -18.3643 1.67324 
 761 4.83993 -18.0511 1.67326 
 762 4.80678 -17.7287 1.67328 
 763 4.7752 -17.4216 1.67327 
 764 4.74204 -17.0992 1.67332 
 765 4.70724 -16.7609 1.67334 
 766 4.67477 -16.4454 1.67333 
 767 4.64155 -16.1225 1.67334 
 768 4.60748 -15.7899 1.66844 
 769 4.58269 -15.4824 1.64668 
 770 4.5582 -15.1605 1.64672 
 771 4.5354 -14.8609 1.64675 
 772 4.51005 -14.5278 1.64677 
 773 4.48619 -14.2142 1.64678 
