 0 -10 2.63069e-05 -9.54885e-05 
 1 -9.96007 0.0072557 0.354034 
 2 -9.87913 0.0582279 0.704166 
 3 -9.69279 0.304004 0.946961 
 4 -9.50184 0.569341 0.947008 
 5 -9.30374 0.844633 0.947049 
 6 -9.11976 1.10033 0.94709 
 7 -8.93057 1.36329 0.947133 
 8 -8.73404 1.63808 0.964889 
 9 -8.57563 1.89767 1.1003 
 10 -8.45549 2.19094 0.994966 
 11 -8.3262 2.33132 0.648809 
 12 -8.1442 2.4492 0.350402 
 13 -7.84591 2.486 0.086046 
 14 -7.55196 2.5132 0.105433 
 15 -7.24243 2.54743 0.114025 
 16 -7.00022 2.55639 -0.262311 
 17 -7.00573 2.55588 -0.600237 
 18 -6.9925 2.54709 -1.06324 
 19 -6.98844 2.53711 -1.43669 
 20 -6.99121 2.51268 -1.76886 
 21 -7.00185 2.50961 -2.07536 
 22 -6.99336 2.50687 -2.38142 
 23 -7.01908 2.49182 -2.75597 
 24 -7.13964 2.47643 -3.13261 
 25 -7.46363 2.52248 2.94933 
 26 -7.7606 2.55617 3.08809 
 27 -8.06333 2.55783 -3.07038 
 28 -8.28786 2.51199 2.91295 
 29 -8.26822 2.51271 2.57536 
 30 -8.28897 2.51323 2.14373 
 31 -8.26885 2.55124 1.5744 
 32 -8.27888 2.60253 1.19998 
 33 -8.22451 2.65371 0.800538 
 34 -8.19723 2.69539 0.45911 
 35 -8.13864 2.702 0.156573 
 36 -8.08477 2.70057 -0.241332 
 37 -8.03003 2.67798 -0.58717 
 38 -7.98589 2.63564 -0.910051 
 39 -7.95295 2.57703 -1.21983 
 40 -7.95133 2.57115 -1.54923 
 41 -7.95374 2.53861 -1.89056 
 42 -7.94481 2.53599 -2.21318 
 43 -7.94667 2.53413 -2.53019 
 44 -7.98549 2.51972 -2.83678 
 45 -8.27266 2.46461 -2.64601 
 46 -8.41851 2.363 -2.32478 
 47 -8.52759 2.17949 -2.01498 
 48 -8.58695 1.99139 -1.72297 
 49 -8.58277 1.89697 -1.3831 
 50 -8.50692 1.60473 -1.49107 
 51 -8.49684 1.26909 -1.58112 
 52 -8.50287 0.962848 -1.59166 
 53 -8.50962 0.638812 -1.59163 
 54 -8.51619 0.323524 -1.5916 
 55 -8.52293 -0.00060172 -1.59157 
 56 -8.52699 -0.342437 -1.55289 
 57 -8.48778 -0.680701 -1.29346 
 58 -8.37708 -0.971987 -1.18013 
 59 -8.25967 -1.27407 -1.2414 
 60 -8.15696 -1.6014 -1.30342 
 61 -8.08553 -1.90867 -1.35815 
 62 -8.02145 -2.22673 -1.3851 
 63 -7.96588 -2.52255 -1.38509 
 64 -7.90758 -2.83283 -1.38509 
 65 -7.85194 -3.129 -1.38508 
 66 -7.78863 -3.4659 -1.38506 
 67 -7.72569 -3.80081 -1.38504 
 68 -7.66796 -4.10801 -1.38503 
 69 -7.60805 -4.42675 -1.38499 
 70 -7.54607 -4.75638 -1.38492 
 71 -7.4894 -5.0577 -1.38489 
 72 -7.42894 -5.37916 -1.38488 
 73 -7.36334 -5.7105 -1.37299 
 74 -7.30136 -6.01968 -1.37293 
 75 -7.23903 -6.33059 -1.37296 
 76 -7.17951 -6.62747 -1.37296 
 77 -7.11688 -6.93986 -1.37294 
 78 -7.05646 -7.25071 -1.39874 
 79 -7.01427 -7.57001 -1.45388 
 80 -6.98383 -7.87013 -1.53612 
 81 -6.98235 -8.19326 -1.56986 
 82 -6.96674 -8.34791 -1.2541 
 83 -6.82839 -8.63485 -1.01721 
 84 -6.64276 -8.90968 -0.963048 
 85 -6.45458 -9.16577 -0.863744 
 86 -6.35072 -9.29159 -1.17288 
 87 -6.34119 -9.31887 -0.872098 
 88 -6.34286 -9.31784 -0.558834 
 89 -6.10397 -9.50789 -0.869644 
 90 -5.99701 -9.75795 -1.18376 
 91 -5.88909 -10.0376 -1.23566 
 92 -5.77705 -10.3215 -1.17518 
 93 -5.64467 -10.6165 -1.13543 
 94 -5.4945 -10.9343 -1.09949 
 95 -5.34527 -11.2117 -1.07145 
 96 -5.18973 -11.4968 -1.07144 
 97 -5.0236 -11.7949 -1.05977 
 98 -4.86971 -12.0594 -1.05976 
 99 -4.71137 -12.3518 -1.05975 
 100 -4.54404 -12.6402 -1.05975 
 101 -4.38988 -12.9251 -1.05975 
 102 -4.23153 -13.1975 -1.05974 
 103 -4.06405 -13.4961 -1.05973 
 104 -3.90918 -13.7723 -1.05973 
 105 -3.75066 -14.055 -1.05972 
 106 -3.59576 -14.3313 -1.05969 
 107 -3.46128 -14.6255 -1.21372 
 108 -3.35612 -14.9169 -1.23269 
 109 -3.25212 -15.2127 -1.23255 
 110 -3.18054 -15.4428 -1.54672 
 111 -3.18064 -15.4463 -1.86142 
 112 -3.18181 -15.4506 -2.18412 
 113 -3.18382 -15.453 -2.52511 
 114 -3.1862 -15.4544 -2.8359 
 115 -3.18928 -15.4548 3.12776 
 116 -3.24867 -15.4462 2.803 
 117 -3.39586 -15.3946 -3.10699 
 118 -3.41043 -15.3781 -2.7925 
 119 -3.42998 -15.3591 -2.42546 
 120 -3.38579 -15.3161 -2.04067 
 121 -3.36628 -15.263 -1.727 
 122 -3.3096 -15.2883 -1.73554 
 123 -3.37329 -15.2466 -1.72071 
 124 -3.33161 -15.433 1.62311 
 125 -3.44048 -15.3608 1.59582 
 126 -3.4491 -15.4253 1.75625 
 127 -3.3825 -15.4386 1.5305 
 128 -3.39778 -15.4176 1.40256 
 129 -3.48094 -15.4099 1.38555 
 130 -3.50024 -15.4452 1.64196 
 131 -3.46679 -15.4401 1.92978 
 132 -3.53338 -15.5135 3.03527 
 133 -3.50385 -15.4894 -3.11146 
 134 -3.49877 -15.4913 -3.05957 
 135 -3.40198 -15.3359 -0.800297 
 136 -3.40413 -15.3595 -0.689276 
 137 -3.38612 -15.3534 -0.627208 
 138 -3.49724 -15.405 0.201297 
 139 -3.48164 -15.4354 0.223549 
 140 -3.55551 -15.3815 1.15218 
 141 -3.44299 -15.4518 0.344792 
 142 -3.41997 -15.3547 0.713477 
 143 -3.44258 -15.4203 0.348971 
 144 -3.35984 -15.2978 0.717629 
