0 1 0 -0.0386896 -0.0142303 0.35413 4168.81 -85.2431 0 3164.66 0 56278.3  
1 2 0 -0.0923355 -0.0267578 0.350132 3235.07 -361.079 0 1541.37 0 56005.6  
2 3 0 -0.30043 -0.0719718 0.242795 2383.3 -946.524 0 2607.69 0 55827.2  
3 4 0 -0.326905 -0.000533303 4.63745e-05 3598.55 -1806.29 0 3038.5 0 42308.9  
4 5 0 -0.339158 -0.00055286 4.11911e-05 3637.07 -1823.55 0 3064.07 0 42217.2  
5 6 0 -0.315006 -0.000517057 4.14397e-05 3687.62 -1848.73 0 3112.69 0 42202.7  
6 7 0 -0.323948 -0.000527815 4.27913e-05 3745.08 -1880.84 0 3163.97 0 42193  
7 8 0 -0.337823 -0.0018405 0.0177553 2051.12 -1308.75 0 4725.71 0 26852.1  
8 9 0 -0.303379 -0.0208104 0.135414 2128.34 -846.678 0 3440.16 0 21210.9  
9 10 0 -0.315723 -0.0242566 -0.105336 2240.78 -926.725 0 2891.62 0 21237.7  
10 11 0 -0.187014 0.0384821 -0.346157 2394.95 174.633 -0 1827.93 -0 21193.1  
11 12 0 -0.215405 0.0215779 -0.298407 2492.98 411.765 -0 1874.18 -0 21147.8  
12 13 0 -0.292216 0.0725959 -0.264356 2784.87 1461.05 -0 3837.35 -0 15421.9  
13 14 0 -0.295187 -0.00269766 0.0193868 1982.09 1155.46 -0 5100.46 -0 8430.04  
14 15 0 -0.311411 -0.00213085 0.00859248 1912.91 -85.0481 0 4193.21 0 8359.47  
15 16 0 -0.240298 0.0256267 -0.376337 2109.29 -464.95 0 2342.36 0 7604.08  
16 17 0 0.00630154 0.00856051 -0.337926 2728.12 -3.03204 0 2739.72 0 4492.32  
17 18 0 -0.0137904 0.0086922 -0.463006 2914.08 141.778 -0 1977.97 -0 4163.72  
16 18 1 -0.00382721 0.0213331 -0.800932 2899.88 -182.186 0 1992.17 0 4163.72  
18 19 0 -0.00932733 0.00858807 -0.373452 1785.61 11.3287 -0 1823.76 -0 3748.09  
19 20 0 -0.022765 0.0124896 -0.332165 2126.51 -265.751 0 1916.45 0 4493.07  
20 21 0 -0.00419673 0.0158627 -0.306505 2577.82 -564.209 0 2094.32 0 8345.3  
18 21 1 -0.0188742 0.0433187 -1.01212 1817.43 -328.324 0 2854.7 0 8345.3  
21 22 0 0.00264183 -0.00272625 -0.306053 1820.46 327.626 -0 2861.35 -0 8342.41  
22 23 0 -0.0276491 0.0140806 -0.374551 1725.79 -20.8736 0 2952.8 0 7613.43  
23 24 0 -0.116155 0.03826 -0.376644 2748.39 455.85 -0 1929.61 -0 6033.29  
15 24 1 -0.0542854 0.0800536 3.03655 2453.84 601.838 -0 2224.16 -0 6033.29  
24 25 0 -0.323248 0.0524481 -0.20124 2464.01 -236.286 0 2217.93 0 7682.85  
14 25 1 -0.0496879 -0.0058808 2.8439 2416.43 -255.492 0 2265.51 0 7682.85  
25 26 0 -0.297699 -0.0269168 0.138761 2308.01 -149.087 0 1801.26 0 12687.2  
13 26 1 -0.0511128 -0.0654455 3.00205 2191 -260.446 0 1918.27 0 12687.2  
26 27 0 -0.302196 -0.0175018 0.124709 2627.7 -327.865 0 1997.06 0 15424.6  
12 27 1 -0.0738955 -0.0798931 2.8624 2293.32 -454.489 0 2331.44 0 15424.6  
27 28 0 -0.226293 -0.0241965 -0.299849 1386.28 21.9508 -0 1668.9 -0 28283.6  
11 28 1 -0.106729 -0.136347 2.26414 1490.62 138.144 -0 1564.56 -0 28283.6  
28 29 0 0.0200704 0.0118076 -0.337597 1520.58 98.8861 -0 1996.83 -0 26673.1  
29 30 0 -0.0159497 -0.00234933 -0.431625 1505.38 207.216 -0 2458.27 -0 26717.3  
30 31 0 -0.0179467 0.0482626 -0.569331 1269.07 -631.256 0 1536.45 0 24258.7  
31 32 0 -0.0499438 -0.00261896 -0.374417 2063.93 -446.655 0 2059.89 0 21110.7  
32 33 0 -0.0658928 0.0398081 -0.399445 2038.26 23.8552 -0 1618.95 -0 21088.1  
27 33 1 -0.119232 0.120244 -2.41227 1677.23 147.004 -0 1979.98 -0 21088.1  
33 34 0 -0.0477554 -0.00282112 -0.341428 2705.78 -285.978 0 1996.31 0 15436.4  
34 35 0 -0.054579 0.0259068 -0.302537 2687.57 592.197 -0 3601.06 -0 15448.9  
35 36 0 -0.051453 0.0174818 -0.397904 2163.03 165.439 -0 1721.34 -0 21080.4  
36 37 0 -0.0573924 0.0155423 -0.345838 1933.68 -184.033 0 1817.42 0 21080.1  
37 38 0 -0.0592005 0.0170514 -0.322881 1730.82 -112.639 0 2116.32 0 15378.1  
38 39 0 -0.0655602 0.0159439 -0.309776 1694.53 -158.9 0 2856.94 0 15372  
39 40 0 -0.00501645 0.00696795 -0.329399 1890.38 -465.48 0 2648.71 0 15402  
40 41 0 -0.0313417 0.00975808 -0.341335 1829.68 -230.149 0 2168.29 0 15423.4  
41 42 0 0.00135966 -0.00296327 -0.322621 2011.66 -286.009 0 2012.5 0 21066.5  
42 43 0 -0.00162385 0.00660865 -0.317004 1329.21 23.8762 -0 2388.3 -0 15405.6  
41 43 1 0.00191488 0.00381927 -0.639625 1450.03 337.541 -0 2267.48 -0 15405.6  
43 44 0 -0.0391464 0.0164541 -0.306597 2255.17 -76.9924 0 1705.51 0 15436.1  
44 45 0 -0.29016 0.0293662 0.190771 2488.96 -245.334 0 1772.54 0 15449.7  
28 45 1 0.0306457 -0.0559055 0.724219 2518.55 195.226 -0 1742.95 -0 15449.7  
45 46 0 -0.175557 -0.0266306 0.32123 1830.36 -267.777 0 1997.75 0 21094.5  
10 46 1 -0.12466 -0.0664195 2.96344 1643.6 -74.585 0 2184.51 0 21094.5  
46 47 0 -0.207409 -0.0525298 0.309799 2424.62 -946.687 0 2554.88 0 15463.7  
10 47 1 0.0887748 -0.0514772 -3.00995 2098.49 -864.507 0 2881.01 0 15463.7  
47 48 0 -0.194457 -0.0332968 0.292016 2412.54 -441.117 0 2206.34 0 21119.9  
9 48 1 -0.0393385 -0.0463822 -2.82327 2435.6 -435.085 0 2183.28 0 21119.9  
48 49 0 -0.0915048 -0.0252642 0.339863 1836.81 -700.674 0 1740.2 0 24211  
9 49 1 0.0396622 0.00625132 -2.48341 2243.9 -534.69 0 1333.11 0 24211  
49 50 0 -0.301121 -0.0183028 -0.107965 1674.7 360.588 -0 3508.88 -0 21152.3  
8 50 1 -0.0667998 0.218237 -2.45596 2246.29 -922.877 0 2937.29 0 21152.3  
50 51 0 -0.335327 0.017942 -0.090053 2002.45 506.981 -0 4116.31 -0 21172.1  
7 51 1 -0.141143 0.418385 -2.52826 2386.62 -959.963 0 3732.13 0 21172.1  
51 52 0 -0.306287 0.00258695 -0.0105404 1922.52 310.87 -0 4183.75 -0 21231.5  
6 52 1 -0.213167 0.592045 -2.53875 2379.14 -959.508 0 3727.13 0 21231.5  
52 53 0 -0.324106 -0.000520092 3.20452e-05 1909.32 289.229 -0 4198.53 -0 26832.4  
4 53 1 -0.600715 0.775157 -2.53864 2375.23 -965.995 0 3732.62 0 26832.4  
53 54 0 -0.315356 -0.000511256 3.47659e-05 1893.35 294.059 -0 4181.36 -0 42023.9  
3 54 1 -0.668206 0.95386 -2.53856 2354.51 -963.819 0 3720.2 0 42023.9  
54 55 0 -0.324195 -0.000520216 3.02648e-05 1888.16 294.428 -0 4171.56 -0 42055.2  
1 55 1 -1.3188 0.522117 -1.9456 3664.86 -993.445 0 2394.86 0 42055.2  
55 56 0 -0.341825 -0.00435222 0.0386726 1750.14 806.451 -0 5334.04 -0 42026.9  
56 57 0 -0.33818 -0.038823 0.259435 1763.63 -281.205 0 3888.5 0 26837.1  
57 58 0 -0.31029 -0.0294698 0.113325 1698.13 49.3587 -0 4703.84 -0 41999.3  
58 59 0 -0.324005 0.00718382 -0.0612636 1724.7 379.299 -0 4686.31 -0 42001.9  
59 60 0 -0.34293 0.00938523 -0.062027 2621.22 1733.63 -0 4272.13 -0 26822.9  
60 61 0 -0.315215 0.0128811 -0.0547223 1536.73 120.01 -0 5388.76 -0 42002.7  
61 62 0 -0.324419 0.00451371 -0.0269567 1553.07 -93.5855 0 5416.96 0 41970.8  
62 63 0 -0.301003 -0.00048461 1.62913e-05 2192.64 1442.45 -0 4775.22 -0 41987.7  
63 64 0 -0.315704 -0.000503222 1.69133e-06 1566.62 -200.278 0 5444.99 0 41902.3  
64 65 0 -0.301354 -0.000481264 8.16957e-06 2209.26 1446 -0 4815.08 -0 41914  
65 66 0 -0.342797 -0.000552413 1.65377e-05 2214.67 1446.71 -0 4831.74 -0 41888.5  
66 67 0 -0.340764 -0.000552419 2.31005e-05 2213.07 1451.21 -0 4816.37 -0 41857  
67 68 0 -0.312579 -0.000505405 1.09104e-05 1573.33 -200.406 0 5465.43 0 41867.6  
68 69 0 -0.324321 -0.000524722 3.5899e-05 1578.85 -197.239 0 5492.3 0 41853.1  
69 70 0 -0.33541 -0.000551359 7.20606e-05 1577.02 -197.807 0 5474.32 0 41824.4  
70 71 0 -0.306603 -0.000495536 2.55584e-05 1571.88 -202.993 0 5459.7 0 41800.4  
71 72 0 -0.327095 -0.0005241 1.52296e-05 2208 1450.76 -0 4808.68 -0 41841.7  
72 73 0 -0.337745 -0.00399402 0.0118885 2206.99 1452.08 -0 4807.01 -0 41829.1  
73 74 0 -0.315336 -0.000517515 5.72394e-05 1565.82 -155.353 0 5463.6 0 41821  
74 75 0 -0.317093 -0.000500298 -2.63318e-05 2236.72 1471.98 -0 4755.76 -0 41859.8  
75 76 0 -0.302791 -0.000481909 2.62976e-06 1555.61 -151.545 0 5404.38 0 41858  
76 77 0 -0.318604 -0.000517695 1.87715e-05 2321.96 1240.58 -0 4227.04 -0 41843  
77 78 0 -0.316657 0.00187582 -0.0258044 2187.53 1447.74 -0 4658.63 -0 26886  
78 79 0 -0.321802 0.013683 -0.0551387 1577.29 94.2298 -0 4269.43 -0 41964.9  
79 80 0 -0.301563 0.00594037 -0.082238 1672.97 -73.1024 0 3789.66 0 41995.4  
80 81 0 -0.322995 0.00989011 -0.0337386 1863.5 406.292 -0 1871.22 -0 42332  
81 82 0 -0.153634 -0.0219221 0.315759 1867.22 497.304 -0 1925.29 -0 42371.5  
82 83 0 -0.31513 -0.0473038 0.236888 1209.35 -55.0052 0 1611.1 0 42596.3  
83 84 0 -0.331321 -0.015027 0.054161 1294.25 -143.656 0 1906.92 0 42869.7  
84 85 0 -0.317566 -0.0107374 0.0993043 1943.54 135.722 -0 1293.86 -0 125044  
85 86 0 -0.162197 0.00859944 -0.30914 1254.54 -44.273 0 1941.95 0 125085  
86 87 0 -0.0279337 -0.00419064 0.300785 1922.37 266.925 -0 1424.23 -0 125536  
87 88 0 0.00284006 -0.00554173 0.313265 1317.44 -42.4794 0 2055.51 0 57613.6  
88 89 0 -0.302415 0.04012 -0.31081 556.468 279.955 -0 421.308 -0 56630  
87 89 1 -0.297221 -0.0605684 0.00245453 379.485 266.407 -0 598.291 -0 56630  
89 90 0 -0.259224 0.0853478 -0.314118 712.588 662.032 -0 770.723 -0 57446.1  
90 91 0 -0.29965 0.00615755 -0.0518987 932.388 1273.34 -0 3067.68 -0 56500.5  
91 92 0 -0.304934 -0.0141097 0.0604783 1126.17 1357.92 -0 3691.81 -0 43020.2  
92 93 0 -0.323214 -0.00977204 0.0397516 1304.87 1501.59 -0 3536.83 -0 57021.5  
93 94 0 -0.351409 -0.00344283 0.0359392 1529.18 1526.49 -0 3266.95 -0 56670.8  
94 95 0 -0.314926 -0.0080458 0.028043 1117.39 1203.02 -0 3689.68 -0 42613.1  
95 96 0 -0.324805 -0.000525141 8.54398e-06 1308.59 1464.38 -0 3231.61 -0 42452.7  
96 97 0 -0.341234 -0.00387866 0.0116727 1081.67 1463.44 -0 3428.62 -0 42508.7  
97 98 0 -0.305923 -0.00537833 5.66415e-06 1128 1503.72 -0 3417.8 -0 42651.6  
98 99 0 -0.332484 0.00435184 1.27957e-05 1377.95 1518.25 -0 3236.54 -0 56865.1  
99 100 0 -0.333374 -0.00542467 1.34073e-07 1359.15 1657.5 -0 3424.48 -0 56917.9  
100 101 0 -0.323933 0.0043785 -1.07561e-06 1798.39 1667.69 -0 3081.06 -0 125160  
101 102 0 -0.315024 -0.00539621 5.5284e-06 1724.88 1599.57 -0 2959.37 -0 125136  
102 103 0 -0.342422 -0.000552026 1.20266e-05 2726.65 1564.11 -0 2982.36 -0 57382.3  
103 104 0 -0.316636 -0.000502348 3.73859e-06 1545.6 823.509 -0 4285.06 -0 125527  
104 105 0 -0.324103 -0.000514653 3.29878e-06 2828.17 1607.11 -0 3054.94 -0 125276  
105 106 0 -0.316725 -0.000492604 3.32194e-05 1296.1 -241.177 0 2411.24 0 124964  
106 107 0 -0.322231 0.0291877 -0.154027 3710.84 45.7314 -0 3607.18 -0 56951  
107 108 0 -0.309728 0.00319459 -0.0189729 2157.09 870.364 -0 3245.66 -0 124711  
108 109 0 -0.313559 -0.000493505 0.000146837 2273.17 544.536 -0 2235.69 -0 57213.9  
109 110 0 -0.239884 0.0146377 -0.314177 1776.56 376.73 -0 3714.24 -0 56547.7  
110 111 0 -0.00250232 0.00637551 -0.314698 1823.48 -672.081 0 4370.55 0 56443.3  
111 112 0 -0.00342893 0.00622712 -0.322696 1519.76 -193.619 0 5238.57 0 56663.9  
110 112 1 -0.00383537 0.0133582 -0.637394 1762.07 938.033 -0 4996.25 -0 56663.9  
112 113 0 -0.00196387 0.0069528 -0.340994 3754.55 1023.01 -0 3075.59 -0 56173.5  
111 113 1 -0.00308652 0.0134438 -0.66369 4301.62 613.045 -0 2528.51 -0 56173.5  
113 114 0 -0.00182939 0.00630348 -0.310789 3980.84 -709.387 0 2559.34 0 56533.2  
112 114 1 -0.00157989 0.0135051 -0.651782 3374.71 -998.728 0 3165.47 0 56533.2  
114 115 0 -0.00207054 0.00678269 -0.319523 2386.3 369.698 -0 1848.34 -0 42455.7  
115 116 0 -0.0584841 0.0140779 -0.324764 2371.74 -174.892 0 1816.73 0 42193.4  
108 116 1 -0.502665 0.0890213 -2.24749 1995.86 312.92 -0 2192.6 -0 42193.4  
116 117 0 -0.15459 -0.00773682 0.373199 71.5499 -69.551 0 226.46 0 8106.05  
111 117 1 0.00104956 0.239946 -1.24557 232.766 61.8116 -0 65.2436 -0 8106.05  
117 118 0 -0.0130235 0.0107966 0.314485 113.641 -10.9532 0 186.625 0 8575.43  
118 119 0 -0.01056 0.0173815 0.367043 167.272 203.739 -0 420.368 -0 11518.8  
119 120 0 0.0629906 -0.00403506 0.384793 365.047 -107.168 0 540.469 0 11052.3  
108 120 1 -0.360931 0.174311 -0.807974 443.048 138.144 -0 462.468 -0 11052.3  
120 121 0 0.057217 0.000599695 0.313663 182.236 -198.573 0 525.982 0 7854.5  
121 122 0 -0.0161439 -0.0597859 -0.00854095 291.808 54.663 -0 106.223 -0 2413.15  
122 123 0 0.0306486 0.0694281 0.014832 1456.02 59.5111 -0 39.2833 -0 8291.46  
123 124 0 -0.138391 -0.0652542 -2.93936 81.3954 -11.2984 0 59.1662 0 3274.21  
104 124 1 -1.6935 0.296914 2.68284 62.0676 -13.5547 0 78.4941 0 3274.21  
124 125 0 -0.0775546 -0.104523 -0.027292 176.986 21.2498 -0 39.8671 -0 3205.71  
103 125 1 -1.89431 0.355778 2.65555 166.971 -41.5262 0 49.8815 0 3205.71  
125 126 0 0.0645164 -0.0133254 0.160429 170.121 44.1103 -0 61.1584 -0 7535.61  
103 126 1 -1.94513 0.397698 2.81598 182.782 -20.1454 0 48.4974 0 7535.61  
126 127 0 0.0257598 0.0675196 -0.225747 455.746 35.3358 -0 44.5844 -0 3202.05  
124 127 1 0.00314315 -0.0492629 -0.0926103 439.203 88.1868 -0 61.1277 -0 3202.05  
127 128 0 -0.0201553 -0.0135886 -0.127937 196.337 4.94366 -0 74.113 -0 2366.49  
119 128 1 0.0213932 -0.0526151 -2.45516 126.751 60.7232 -0 143.699 -0 2366.49  
128 129 0 0.00641615 -0.0829311 -0.0170148 145.342 21.1339 -0 77.1587 -0 2398.82  
129 130 0 0.0389111 -0.01749 0.25641 1849.67 375.978 -0 169.874 -0 8428.36  
124 130 1 0.00363832 -0.169411 0.0188485 1928.63 -49.876 0 90.9138 0 8428.36  
130 131 0 -0.00190605 0.0280501 0.28782 184.854 21.4582 -0 62.848 -0 2371.52  
126 131 1 0.0116069 -0.0235467 0.173531 188.13 7.07718 -0 59.5725 -0 2371.52  
131 132 0 0.0565018 -0.10591 1.10549 93.9516 -7.77587 0 43.2154 0 4356.72  
120 132 1 -0.229984 0.0605809 -1.20725 74.1282 25.9473 -0 63.0389 -0 4356.72  
132 133 0 0.0269563 0.0243828 0.136455 120.798 43.7986 -0 98.3988 -0 2364.5  
120 133 1 -0.197609 0.0440567 -1.0708 130.344 -40.1668 0 88.8529 0 2364.5  
133 134 0 0.00505249 -0.00312025 0.0518885 1868.21 -402.356 0 1907.92 0 8375.49  
120 134 1 -0.197925 0.0381268 -1.01891 1560.23 234.102 -0 2215.91 -0 8375.49  
134 135 0 0.141695 0.131757 2.25928 50.6826 -21.2521 0 23.3416 0 3175.78  
110 135 1 0.117164 0.205413 0.746425 20.9759 19.5288 -0 53.0483 -0 3175.78  
135 136 0 -0.0152976 0.0157024 0.111021 306.565 -47.6353 0 579.238 0 2391.01  
136 137 0 -0.00996505 -0.0174149 0.0620684 1155.35 326.037 -0 707.015 -0 4501.46  
135 137 1 -0.0232719 -0.00270931 0.173089 1078.05 367.4 -0 784.318 -0 4501.46  
137 138 0 0.0659959 0.0923944 0.828505 111.587 15.1344 -0 81.8938 -0 7464.4  
117 138 1 -0.0619482 -0.00366911 -2.9749 115.047 -10.6928 0 78.4337 0 7464.4  
138 139 0 -0.00924663 0.0324422 0.0222522 141.179 -13.802 0 101.446 0 2376.66  
139 140 0 0.0682264 -0.0848924 0.928629 268.484 225.471 -0 478.473 -0 4178.61  
130 140 1 -0.0650557 -0.0412937 -0.489781 541.293 -183.574 0 205.664 0 4178.61  
140 141 0 0.024498 0.1459 -0.807386 79.6832 -3.3456 0 33.4853 0 2367.36  
139 141 1 -0.0339379 0.02211 0.121243 53.2667 23.103 -0 59.9018 -0 2367.36  
141 142 0 -0.0529913 -0.090886 0.368685 115.444 -20.3296 0 57.8423 0 2432.46  
119 142 1 0.0503905 -0.00328397 3.13894 94.1112 -34.453 0 79.1751 0 2432.46  
142 143 0 0.0612539 0.042012 -0.364506 142.8 -1.41917 0 86.2011 0 4356.2  
117 143 1 -0.00853237 -0.0179056 -2.82723 121.872 27.3596 -0 107.13 -0 4356.2  
143 144 0 -0.118173 -0.094287 0.368658 160.186 -66.0071 0 411.007 0 10033.6  
142 144 1 -0.0827672 -0.00395319 0.00415226 148.092 34.3096 -0 423.101 -0 10033.6  
