0 1 0 -0.0431342 -0.0175385 0.381215 198.358 268.849 -0 1218.89 -0 56592.9  
1 2 0 -0.0815329 -0.0356491 0.301193 456.814 374.842 -0 597.948 -0 125967  
2 3 0 -0.0430953 0.0122768 0.284543 910.212 211.203 -0 665.173 -0 126462  
3 4 0 0.00573659 -0.00741426 0.481991 2007.15 -143.527 0 1203.57 0 126003  
4 5 0 -0.00196756 -0.0126488 0.3866 1080.83 -122.266 0 388.61 0 123977  
2 5 1 -0.0281516 -0.0037049 1.15313 869.955 341.253 -0 599.487 -0 123977  
5 6 0 -0.0262138 -0.0195806 0.374766 1299.74 -433.019 0 844.571 0 125358  
1 6 1 -0.0909164 -0.0758502 1.82909 950.675 473.86 -0 1193.63 -0 125358  
6 7 0 -0.0646911 -0.0290015 0.511516 577.958 -194.873 0 768.125 0 125375  
0 7 1 -0.0374257 -0.156368 2.72182 513.756 147.121 -0 832.327 -0 125375  
7 8 0 -0.0649352 -0.0194899 0.386479 1536.74 338.66 -0 2295.33 -0 56903.9  
8 9 0 -0.186309 -0.0243463 0.297283 3700.17 739.568 -0 3842.12 -0 125425  
9 10 0 -0.11891 -0.0288267 0.350594 1802.42 -21.7183 0 2451.12 0 125206  
10 11 0 -0.296595 -0.0603346 0.278878 3333.73 1001.33 -0 3152.32 -0 56719.8  
11 12 0 -0.312121 -0.00249578 -0.00764812 2753.21 1072.76 -0 2921.15 -0 125059  
12 13 0 -0.306478 0.016495 -0.107408 2752.69 1081.6 -0 2957.44 -0 125019  
13 14 0 -0.341324 0.0253068 -0.119661 2517.37 1034.25 -0 3178.02 -0 124841  
14 15 0 -0.342353 0.0194509 -0.107541 2259.67 924.507 -0 3419.16 -0 56741.9  
15 16 0 -0.299996 0.00217537 -0.0171391 1905.38 798.747 -0 4404.45 -0 124899  
16 17 0 -0.317706 0.00573644 -0.0366904 1875.57 750.169 -0 4422.2 -0 124632  
17 18 0 -0.305095 0.0162858 -0.107012 1480.49 -111.527 0 3525.28 0 56345.3  
18 19 0 -0.301338 -0.00461681 0.0204542 1592.17 83.5393 -0 4588.37 -0 124733  
19 20 0 -0.341859 -0.00581863 0.0348723 1513.57 -429.34 0 3731.84 0 55979.7  
20 21 0 -0.332248 -0.0210694 0.128401 1929.19 -1456.6 0 5574.17 0 124642  
21 22 0 -0.332972 -0.0166127 0.079172 1226.93 -1171.39 0 6420.82 0 56974.4  
22 23 0 -0.302771 -0.0155869 0.11258 1036.2 -78.3172 0 3849.67 0 57139.7  
23 24 0 -0.341182 -0.0350291 0.114492 1014.91 -482.309 0 4922.91 0 124519  
24 25 0 -0.317625 0.00273546 -0.00840217 1393.76 -220.485 0 3635.42 0 57150.5  
25 26 0 -0.301769 -0.00828491 0.0709065 1833.9 -905.897 0 4099.81 0 56914.6  
26 27 0 -0.307102 -0.0194854 0.10807 1356.39 -162.655 0 3244.89 0 42478.9  
27 28 0 -0.314445 -0.0174261 0.101402 1245.91 -43.8012 0 3321.65 0 42486.9  
28 29 0 -0.325467 -0.0121346 0.0641746 976.004 -836.189 0 5277.88 0 42394.7  
29 30 0 -0.339174 -0.0171213 0.0891898 873.532 -547.495 0 5363.39 0 42445  
30 31 0 -0.307441 -0.00558206 0.0112919 698.529 -438.942 0 5221.34 0 42294.5  
31 32 0 -0.306389 0.0155241 -0.111285 778.749 -90.7057 0 5099.28 0 42536.3  
32 33 0 -0.300659 0.0282987 -0.149581 1395.91 -496.345 0 2920.99 0 42801.1  
33 34 0 -0.301477 0.013703 -0.0875923 1650.9 -1035.72 0 2936.24 0 57559.9  
34 35 0 -0.316584 0.00102895 -0.00556623 1759.07 -1086.08 0 2617.34 0 124926  
35 36 0 -0.317616 -0.000514033 2.76357e-05 1775.74 -1095.84 0 2619.81 0 42979.8  
36 37 0 -0.315356 -0.000512661 2.77442e-05 1398.25 -1400.75 0 3078.14 0 42797.1  
37 38 0 -0.314499 -0.00622161 2.39292e-05 1419.48 -1424.5 0 3133.5 0 42634.6  
38 39 0 -0.308514 0.00520934 3.80439e-05 1441.34 -1440.85 0 3152.46 0 42461.4  
39 40 0 -0.323294 -0.00839608 0.0246059 1468.6 -1472.3 0 3225.53 0 42395.3  
40 41 0 -0.324413 -0.00114199 0.00191539 1935.72 -1637.91 0 2637.81 0 42186.7  
41 42 0 -0.325583 0.00496393 3.57534e-05 1559.56 -1535.89 0 2437.76 0 27109  
42 43 0 -0.302633 -0.010274 0.071849 1256.33 -1531.18 0 2952.41 0 42223.7  
43 44 0 -0.236053 -0.0271515 0.301444 1369.38 -1891.93 0 3403.1 0 26816.5  
44 45 0 -0.274782 -0.0724043 0.309063 485.468 -999.545 0 4345.29 0 21439.7  
45 46 0 -0.310801 -0.0324203 0.158983 300.925 375.543 -0 4070.09 -0 21405.1  
46 47 0 -0.334199 -0.0066361 0.0202002 522.301 960.739 -0 3890.71 -0 21399.2  
47 48 0 -0.30854 -0.000493896 1.44193e-05 465.334 893.248 -0 3813.66 -0 27040.3  
48 49 0 -0.32116 -0.00070306 -0.0186384 703.101 1191.85 -0 3939.66 -0 26971.4  
49 50 0 -0.324873 0.00421552 -0.0074927 441.242 846.244 -0 3895.67 -0 42145.4  
50 51 0 -0.325504 -0.00052662 2.12846e-05 722.932 1083.98 -0 3854.91 -0 42173.6  
51 52 0 -0.332769 -0.00198892 -0.0120679 431.907 824.917 -0 3912.02 -0 27053.7  
52 53 0 -0.307437 -0.000506916 6.50878e-05 527.079 715.287 -0 4132.24 -0 42185.9  
53 54 0 -0.306844 -0.00288536 1.24567e-05 983.381 1204.81 -0 4282.47 -0 42069.8  
54 55 0 -0.324853 0.00187555 -2.44969e-06 980.262 1187.19 -0 4263.39 -0 42053.9  
55 56 0 -0.326131 -0.000531795 2.22189e-05 1077.29 1157.5 -0 3983.78 -0 42023.1  
56 57 0 -0.341256 -0.000544135 8.55941e-06 1083.47 1167.35 -0 4000.2 -0 41971.3  
57 58 0 -0.316404 -0.000505414 1.02133e-05 758.045 538.155 -0 4348.65 -0 42004.2  
58 59 0 -0.324947 -0.000522731 9.94543e-06 1095.35 1179.25 -0 4046.09 -0 42027.8  
59 60 0 -0.342161 -0.000546855 6.25233e-06 763.446 866.425 -0 4024.65 -0 42035.5  
60 61 0 -0.315004 -0.000499451 9.74372e-06 537.665 729.004 -0 4221.49 -0 42032.1  
61 62 0 -0.318156 -0.000513423 1.18025e-06 769.05 546.775 -0 4402.56 -0 42102.2  
62 63 0 -0.343004 -0.000546427 2.6489e-06 1099.84 1182.45 -0 4068.02 -0 42203.1  
63 64 0 -0.315355 -0.000501607 5.89438e-06 762.526 539.403 -0 4362.75 -0 42207  
64 65 0 -0.313486 -0.000508371 2.56289e-05 1086.52 1161.45 -0 3999.62 -0 42334.9  
65 66 0 -0.321738 -0.00052376 2.31047e-05 702.62 335.718 -0 5364.72 -0 42441.6  
66 67 0 -0.315842 -0.000500923 1.06921e-05 1978.48 1322.09 -0 3848.06 -0 42744.7  
67 68 0 -0.300407 -0.00199795 0.0131141 1454.44 157.047 -0 3250.92 -0 57536.9  
68 69 0 -0.324103 -0.000533918 6.37419e-05 1585.55 -334.866 0 1982.28 0 124761  
69 70 0 -0.342506 -0.000549288 1.71945e-05 1976.1 338.776 -0 1601.88 -0 124835  
70 71 0 -0.315478 -0.000505133 1.63536e-05 1627.68 -348.085 0 2011.22 0 125096  
71 72 0 -0.314338 -0.000468376 -7.75742e-05 2036.2 346.619 -0 1635.65 -0 125215  
72 73 0 -0.313724 0.028928 -0.237215 1606.13 -341.33 0 2025.34 0 56043.8  
73 74 0 -0.306036 0.0192443 -0.0973016 2013.41 41.9141 -0 3923.42 -0 125225  
74 75 0 -0.322624 0.018496 -0.124683 963.823 162.106 -0 1695.52 -0 56874.7  
75 76 0 -0.064504 0.00640992 -0.300303 1155.89 -369.325 0 2874.02 0 56570.7  
76 77 0 -0.0222356 0.00827844 -0.301217 2938.33 -1682.52 0 3246.85 0 125092  
77 78 0 -0.28222 -0.020639 0.336037 2337.14 -1517 0 3685.87 0 56774.9  
78 79 0 -0.259537 -0.0481734 0.307146 1704.65 -1255.43 0 3505.56 0 124665  
79 80 0 -0.310944 -0.0457606 0.233475 935.094 -925.458 0 4220.08 0 42540.8  
80 81 0 -0.301534 -0.00962516 0.0363521 361.315 115.507 -0 4585.43 -0 42411.2  
81 82 0 -0.331999 -0.000538941 -8.62665e-06 204.287 435.577 -0 4199.06 -0 42479.5  
82 83 0 -0.33698 0.012036 -0.0776547 159.072 484.617 -0 4184.64 -0 42418.6  
83 84 0 -0.324787 0.000696779 -0.00283547 124.083 232.378 -0 4328.63 -0 42391.1  
84 85 0 -0.307219 -0.000410218 -0.00715624 110.113 108.122 -0 4313.08 -0 42257  
85 86 0 -0.341744 0.00520618 -0.0190602 114.872 75.4017 -0 4098.18 -0 42221.8  
86 87 0 -0.306909 -0.000491866 3.4851e-05 127.202 -62.0169 0 4041.41 0 42289.2  
87 88 0 -0.327046 -0.000872966 0.00689365 370.901 -188.375 0 3915.2 0 42513.8  
88 89 0 -0.314435 -0.0593237 0.303223 786.019 12.9928 -0 2992.71 -0 55639.5  
89 90 0 -0.311132 -0.0374753 0.169471 2849.37 -465.403 0 3542.1 0 56878.2  
90 91 0 -0.322946 0.00307978 -0.0353121 2899.89 -341.565 0 3868.6 0 56554.8  
91 92 0 -0.300049 0.00529058 -0.0402887 2025.81 323.261 -0 2058.55 -0 57016.6  
92 93 0 -0.323023 0.0138356 -0.0661703 3101.24 -422.277 0 3985.54 0 56629.4  
93 94 0 -0.309252 0.00194313 -0.00834101 1591.31 -209.751 0 2877.53 0 42742.6  
94 95 0 -0.318024 -0.000507514 9.53473e-06 2300.48 349.918 -0 1762.13 -0 42712.4  
95 96 0 -0.32193 -0.00926292 0.0641155 4011.4 -621.386 0 2373.93 0 55801.2  
96 97 0 -0.30951 -0.0325683 0.196641 3963.31 -713.284 0 2483.73 0 42556.4  
97 98 0 -0.295672 0.0403323 -0.301582 3236.45 1685.66 -0 2960.81 -0 42604.9  
98 99 0 -0.196264 0.0335271 -0.305892 3329.77 310.068 -0 4199.07 -0 42387.2  
99 100 0 -0.176419 0.0299663 -0.317492 1578.93 733.216 -0 4746.89 -0 42175.6  
100 101 0 -0.169619 0.0321644 -0.297539 1502.15 -356.055 0 5055.06 0 26805.6  
101 102 0 -0.0340679 0.00832572 -0.302586 3358.14 -7.58807 0 3361.16 0 26821.8  
102 103 0 -0.00314202 0.00858634 -0.391353 3073.29 -1823.24 0 3691.15 0 41976.9  
103 104 0 -0.00563548 0.00777446 -0.338143 3439.79 -4.94231 0 3422.88 0 26820.9  
101 104 1 -0.0338683 0.027039 -1.03208 3428.01 -9.21104 0 3434.66 0 26820.9  
104 105 0 -0.00230565 0.00513547 -0.315847 2379.76 -653.035 0 1914.42 0 41970.2  
105 106 0 -0.00204613 0.0066591 -0.318301 4693.86 441.707 -0 1787.7 -0 26758.8  
104 106 1 -0.0021821 0.0121007 -0.634148 4674.29 -501.594 0 1807.27 0 26758.8  
106 107 0 -0.00198804 0.00686178 -0.317746 2620.69 -26.3591 0 1683.33 0 26843.1  
105 107 1 -0.00178689 0.0137984 -0.636046 2513.22 -299.81 0 1790.8 0 26843.1  
107 108 0 -0.0173202 0.00805857 -0.333885 3406.5 3.5949 -0 3414.14 -0 26667.7  
108 109 0 -0.0279368 0.0119165 -0.319239 1132.33 1097.35 -0 2066.1 -0 28530.3  
109 110 0 -0.271828 -0.0133004 0.129672 1917.77 346.837 -0 2855.28 -0 42217.5  
99 110 1 -0.000421263 0.132792 -3.12246 2005.23 441.184 -0 2767.82 -0 42217.5  
110 111 0 -0.310867 -0.0141428 0.301289 4699 -8.49829 0 2455.84 0 42178.8  
97 111 1 -0.13122 0.079158 2.85454 4000.25 -1038.86 0 3154.59 0 42178.8  
111 112 0 -0.0694103 -0.00985471 0.315063 4134.98 26.4996 -0 4143.73 -0 42162.2  
112 113 0 -0.0817323 -0.00788094 0.319853 1863.67 -329.695 0 1616.22 0 26849.6  
97 113 1 0.0196194 0.0791249 -2.79373 1881.94 -322.249 0 1597.95 0 26849.6  
113 114 0 -0.0357566 -0.0195625 0.315729 803.068 232.485 -0 848.953 -0 5550.61  
93 114 1 -1.23879 0.0655914 -2.22557 600.976 62.728 -0 1051.05 -0 5550.61  
114 115 0 0.0106571 -0.115619 -3.05074 13.0147 4.90473 -0 10.2968 -0 7497.54  
100 115 1 0.391045 0.416316 1.67942 10.4719 -4.9499 0 12.8396 0 7497.54  
115 116 0 0.245572 -0.0613332 -2.76335 6.91478 3.20467 -0 22.6934 -0 2367.96  
114 116 1 -0.239467 -0.0768202 0.4691 6.46554 1.7262 -0 23.1426 -0 2367.96  
116 117 0 -0.00757849 0.0503227 -0.0278453 317.01 23.7832 -0 115.808 -0 7482.4  
117 118 0 -0.0471415 -0.131051 -1.78219 28.1111 -21.1088 0 30.7263 0 2390.86  
91 118 1 -1.79668 0.534074 2.61022 43.0729 16.1509 -0 15.7644 -0 2390.86  
118 119 0 0.172168 0.0130673 -1.36903 51.1908 -3.03701 0 44.4242 0 4345.44  
113 119 1 -0.124218 -0.404722 -2.39423 43.5519 -1.60016 0 52.063 0 4345.44  
