0 1 0 -0.0600608 -0.0192927 0.37011 4062.38 -664.343 0 1415.47 0 55779  
1 2 0 -0.0699521 -0.00940829 0.334215 5534.9 -2359.39 0 3254.51 0 55270  
2 3 0 -0.0430215 -0.0103026 0.318998 4211.79 -1429.55 0 2132.05 0 55176.7  
3 4 0 0.00454189 -0.00506779 0.350374 2095.43 -892.94 0 3009.92 0 56104.7  
4 5 0 0.00534052 -0.00872039 0.425357 1473.22 133.02 -0 5129.18 -0 42239.4  
5 6 0 -0.0062493 -0.00363439 0.320768 2269.3 1497.55 -0 4552.72 -0 28120.6  
4 6 1 0.00114781 -0.0146097 0.746125 1532.32 129.272 -0 5289.69 -0 28120.6  
6 7 0 0.00392361 -0.00566277 0.307583 3021.81 1040.62 -0 4078.8 -0 28280.2  
5 7 1 -0.000740383 -0.00777123 0.62835 2504.16 517.455 -0 4596.46 -0 28280.2  
7 8 0 0.00983349 -0.0147169 0.323309 4489.19 1541.26 -0 2349.83 -0 42051.4  
8 9 0 -0.0823051 -0.0263105 0.469221 3547.72 271.829 -0 1641.2 -0 42066.6  
2 9 1 0.0531776 -0.0706069 2.51561 2262.18 -933.909 0 2926.74 0 42066.6  
9 10 0 -0.0680703 -0.0215885 0.408224 3717.33 -165.815 0 1633 0 42086.1  
10 11 0 -0.0854775 -0.0307337 0.360574 2264.47 -664.947 0 2493.82 0 42126.6  
0 11 1 0.0917286 0.0212458 -2.29445 2864.3 -468.969 0 1893.99 0 42126.6  
11 12 0 -0.115568 -0.0270584 0.310377 4164.21 -1826.96 0 2861.74 0 42052.9  
12 13 0 -0.331807 -0.0733115 0.295702 2918.83 -1820.05 0 3959.62 0 42017.2  
13 14 0 -0.329983 -0.00243943 -0.00785433 1675.08 -1176.81 0 5374.14 0 42054.3  
14 15 0 -0.319918 0.0166079 -0.117082 1355.06 151.842 -0 5766.83 -0 41986  
15 16 0 -0.325098 0.0292471 -0.143324 2351.66 -1549.34 0 4552.28 0 42015.3  
16 17 0 -0.34195 0.00853456 -0.030753 2825.59 -1799.04 0 4049.96 0 42008.1  
17 18 0 -0.314813 -0.000507468 2.2834e-05 2959.09 -1845.89 0 3972.13 0 41935.6  
18 19 0 -0.324808 -0.000527212 5.57817e-05 2974.65 -1862.31 0 3999.45 0 41949  
19 20 0 -0.341257 -0.000545184 3.81423e-05 2951.88 -1842.73 0 3957.95 0 41966.6  
20 21 0 -0.306218 0.00355387 3.47532e-05 2957.38 -1843.19 0 3973.05 0 41997.7  
21 22 0 -0.333667 -0.0045815 4.02768e-05 1798.63 -1307.4 0 4208.15 0 42025.3  
22 23 0 -0.307586 -0.000490654 4.0134e-05 1821.34 -1329.73 0 4129.76 0 42064.1  
23 24 0 -0.315703 -0.000507171 2.64775e-05 2691.25 -2047.59 0 4449.62 0 42014.2  
24 25 0 -0.30766 -0.000494358 4.37506e-05 2972.07 -1861.06 0 4000.65 0 41982  
25 26 0 -0.325684 -0.000161456 -0.00686296 1620.1 -1074.23 0 5500.41 0 41970  
26 27 0 -0.292899 0.00867887 -0.0194536 3006.44 -1867.56 0 3975.09 0 41941.9  
27 28 0 -0.341584 -0.00483501 4.1002e-05 1877.94 -1371.69 0 4147.07 0 41931  
28 29 0 -0.342829 -0.000558642 5.05762e-05 3093.92 -1896.55 0 3918.5 0 41948.8  
29 30 0 -0.341087 -0.000554829 5.64184e-05 2553.38 -1079.29 0 3428.45 0 41873.9  
30 31 0 -0.306504 -0.000495821 4.72958e-05 2552.23 -1075.19 0 3425.06 0 41882.5  
31 32 0 -0.32407 -0.000530836 4.15374e-05 2553.42 -1072.32 0 3436.95 0 41893.1  
32 33 0 -0.301144 -0.000488299 4.93849e-05 3044.15 -1543.92 0 3551.51 0 41901.3  
33 34 0 -0.334624 -0.00604153 0.0336998 2562.66 -1078.63 0 3440.89 0 41888.8  
34 35 0 -0.313505 -0.00762745 0.0447591 1605.12 -1087.75 0 2777.7 0 28548.1  
35 36 0 -0.303244 -0.0505419 0.308323 1970.45 -1419.11 0 3031.22 0 28122.5  
36 37 0 -0.325298 -0.015396 0.0533834 1509.24 108.14 -0 4324.36 -0 21308.1  
37 38 0 -0.320722 -0.00051331 -5.67582e-05 1281.95 -161.925 0 3794.67 0 26927.7  
38 39 0 -0.314201 -0.000520751 6.047e-05 1844.43 403.047 -0 1918.93 -0 42218.2  
39 40 0 -0.15953 0.0225318 -0.322349 1855.45 -410.307 0 1919.52 0 55500.3  
40 41 0 -0.304125 0.0657368 -0.281883 1638.25 -6.43811 0 1312.09 0 42558.3  
41 42 0 -0.325224 0.0050418 0.00413973 1279.58 153.678 -0 2121.55 -0 42738  
42 43 0 -0.301003 -0.00191952 -0.0336675 1318.42 117.17 -0 1984.52 -0 55831.6  
43 44 0 -0.155127 -0.0247168 0.305023 1455.04 -133.042 0 2110 0 57512.3  
44 45 0 -0.0278254 0.00561725 -0.310709 1418.93 276.78 -0 1888.82 -0 125051  
45 46 0 -0.057425 0.0207452 -0.305648 1316.96 89.4044 -0 2018.26 -0 125100  
46 47 0 -0.166615 -0.0158734 0.310067 2083.64 -827.406 0 2387.35 0 57703  
47 48 0 -0.210664 -0.046538 0.321587 2783.74 -1686.49 0 2657.47 0 57631.7  
48 49 0 -0.321824 -0.0232424 0.0491066 712.349 -852.925 0 3013.3 0 42935.9  
49 50 0 -0.305976 0.0194087 -0.0743611 1156.02 -708.783 0 3568.16 0 124882  
50 51 0 -0.322953 -1.15999e-05 -0.00973683 1146.54 -1104.02 0 3783.06 0 56619.1  
51 52 0 -0.341026 0.00665406 -0.0239353 1288.86 -1353.31 0 3453.56 0 42862.9  
52 53 0 -0.311925 0.00678241 -0.0337196 910.429 -931.734 0 3887.61 0 42707.2  
53 54 0 -0.325149 -0.000530865 3.26202e-05 1488.25 -1513.66 0 3380.23 0 42699.1  
54 55 0 -0.343007 -0.00055966 5.4558e-05 1329.21 -1610.57 0 3623.33 0 42437  
55 56 0 -0.314667 -0.000517635 4.86953e-05 1581.86 -1749.74 0 3319.26 0 42734  
56 57 0 -0.317448 -0.000518517 6.30162e-05 1540.88 -1568.51 0 3494.7 0 125032  
57 58 0 -0.341645 0.00295914 -0.0122231 1010.18 -1066.22 0 3943.97 0 125118  
58 59 0 -0.306582 0.00357554 4.00312e-05 1513.38 -1520.01 0 3324.99 0 57123.5  
59 60 0 -0.333581 -0.00462368 3.8561e-05 1497.82 -1509.82 0 3331.01 0 125329  
60 61 0 -0.342307 -0.00056184 5.00331e-05 1529.67 -1115.22 0 3446.46 0 125244  
61 62 0 -0.317124 -0.000523623 4.3491e-05 1433.94 -586.155 0 4476 0 125255  
62 63 0 -0.324299 -0.000569371 -1.54746e-05 2565.88 -1590.19 0 3373.98 0 125171  
63 64 0 -0.256009 -0.021518 0.369111 2426.52 -1130.13 0 4352.37 0 56657.7  
64 65 0 -0.313572 -0.0383589 0.169821 1643.31 -912.553 0 4466.31 0 55745.5  
65 66 0 -0.34094 -0.0124998 0.0430214 1429.6 -378.607 0 4695.33 0 56744.7  
66 67 0 -0.300828 0.00165457 -0.0129423 1923.14 1229.69 -0 4349.94 -0 56724  
67 68 0 -0.342369 0.00671359 -0.0323346 1450.12 -308.244 0 4898.1 0 56961.8  
68 69 0 -0.343122 0.00681193 -0.0381572 1854.3 1147.04 -0 4572.54 -0 42611.8  
69 70 0 -0.306 0.00170151 -0.0075627 1524.21 -561.51 0 4920.44 0 42470.3  
70 71 0 -0.314542 -0.0132539 0.0862314 720.573 -101.46 0 4670.13 0 42168.4  
71 72 0 -0.315541 -0.0131162 0.0733796 954.451 951.518 -0 4413.39 -0 42029.2  
72 73 0 -0.32312 -0.00511127 0.0304115 705.206 955.63 -0 4527.61 -0 42053.1  
73 74 0 -0.343069 -0.00166318 0.0122841 593.236 835.142 -0 4383.22 -0 41998.7  
74 75 0 -0.315931 -0.00121157 0.0122976 614.858 885.239 -0 4370.92 -0 41932.9  
75 76 0 -0.32573 -0.00478941 0.0139931 871.469 1299.15 -0 4152.43 -0 41961.6  
76 77 0 -0.333905 -0.000540396 2.03966e-05 899.837 1329.13 -0 4075.74 -0 26918.2  
77 78 0 -0.317453 -0.000514276 5.22055e-06 664.002 983.479 -0 4338 -0 21286.1  
78 79 0 -0.324105 -0.000520159 6.0983e-06 893.304 1320.49 -0 4043.04 -0 21289.1  
79 80 0 -0.352215 0.00238482 3.98303e-06 657.685 971.849 -0 4281.16 -0 21258.9  
80 81 0 -0.307166 -0.00345059 1.88765e-05 902.189 1082.03 -0 4094.13 -0 21263  
81 82 0 -0.323783 -0.000524665 8.27315e-06 616.814 924.394 -0 4973.54 -0 21183.8  
82 83 0 -0.337055 -0.000533483 -6.8027e-07 1317.85 1421.11 -0 4147.63 -0 21175.6  
83 84 0 -0.301004 -0.000483248 3.77694e-06 893.087 789.454 -0 4591.85 -0 21173.5  
84 85 0 -0.333498 -0.000549401 6.55017e-05 1218.19 1112.58 -0 4610.77 -0 21178.4  
85 86 0 -0.331825 -0.000537003 2.69246e-05 2420.17 1600.76 -0 4186.66 -0 21239.4  
86 87 0 -0.313966 -0.000504562 3.7106e-08 2393.91 1587.37 -0 4134.13 -0 21270.3  
87 88 0 -0.318671 0.00764524 -0.0659684 1445.84 218.859 -0 4964.24 -0 21332.4  
88 89 0 -0.327301 0.0123152 -0.0608524 2054.11 373.928 -0 1717.31 -0 42102.1  
89 90 0 -0.277644 -0.0341774 0.306943 1646.92 -363.529 0 1919.54 0 42329.1  
90 91 0 -0.176277 -0.0340167 0.352853 1109.49 235.998 -0 1448.67 -0 56348  
91 92 0 -0.133653 -0.0182981 0.328703 1158.07 123.094 -0 975.973 -0 42352.1  
92 93 0 -0.195626 -0.0425436 0.30405 3052.65 -12.4626 0 3047.18 0 56393.9  
93 94 0 -0.222812 -0.0427434 0.307469 1676.88 374.175 -0 1856.26 -0 56797.8  
94 95 0 -0.304957 -0.0441466 0.251132 3453.06 -100.798 0 1583.62 0 42747.8  
95 96 0 -0.158713 -0.00126563 -0.325517 1011.63 322.534 -0 777.004 -0 51296.3  
96 97 0 -0.00956111 0.00970335 -0.469411 1071.69 261.571 -0 1219.29 -0 125008  
97 98 0 -0.00473515 0.00845921 -0.284926 2769.02 855.7 -0 2107.72 -0 42708  
96 98 1 -0.00995747 0.0193896 -0.754338 3324.13 238.703 -0 1552.61 -0 42708  
98 99 0 -0.00857509 0.0111894 -0.477143 3575.49 987.59 -0 2924.09 -0 42512.8  
96 99 1 -0.00854376 0.0334159 -1.23148 4255.69 -263.76 0 2243.88 0 42512.8  
99 100 0 -0.0311178 0.0261195 -0.460161 1657.03 383.897 -0 3372.44 -0 56856.4  
100 101 0 -0.0727654 0.0263307 -0.405697 2265.6 -405.506 0 4027.93 0 56272.2  
101 102 0 -0.076249 0.0171722 -0.313827 2819.45 -921.507 0 3430.75 0 42615.2  
102 103 0 -0.121336 0.0272829 -0.322868 2786.05 -685.488 0 2981.49 0 56430  
95 103 1 0.115696 0.178875 -3.05955 3312.79 -543.497 0 2454.76 0 56430  
103 104 0 -0.195162 0.0447311 -0.360173 3272.88 -2.97213 0 3285.04 0 56633.1  
94 104 1 -0.0382822 0.179422 3.11459 3276.02 -6.09473 0 3281.9 0 56633.1  
104 105 0 -0.30994 0.0532358 -0.240994 1790.9 -390.333 0 2100.55 0 57170.9  
92 105 1 -0.241916 0.101522 -2.79807 2244.43 -295.132 0 1647.01 0 57170.9  
105 106 0 -0.323387 0.000402134 0.00804383 1996.15 438.176 -0 2105.64 -0 42729.1  
91 106 1 -0.142111 0.200762 -2.46132 1611.61 44.9843 -0 2490.18 -0 42729.1  
106 107 0 -0.339182 -0.022007 0.130914 2122.1 -437.333 0 1990.14 0 42296.7  
90 107 1 -0.224205 0.407862 -1.97755 2409.5 265.968 -0 1702.75 -0 42296.7  
107 108 0 -0.313927 -0.0149392 0.0731722 1984.52 -434.808 0 2070.28 0 42243.9  
90 108 1 -0.113725 0.702086 -1.90438 2372.83 267.53 -0 1681.97 -0 42243.9  
108 109 0 -0.323892 -0.00703458 0.0282117 1914.68 -421.006 0 2119.28 0 42268  
109 110 0 -0.342842 -0.00820533 0.0391894 1875.23 -410.737 0 2128.67 0 42256.8  
110 111 0 -0.315255 -0.00289676 0.00797115 1835.63 -403.829 0 2154.9 0 42345.9  
111 112 0 -0.314438 0.00226865 -0.0123033 2189.54 378.239 -0 1788.12 -0 42442.8  
112 113 0 -0.237361 0.0152668 -0.310591 1797.36 -400.356 0 2139.99 0 28535.7  
113 114 0 -0.00218177 0.00653166 -0.323997 3682.91 503.523 -0 1842.99 -0 55675.8  
114 115 0 -0.012066 0.00796021 -0.312291 2670.06 -26.1622 0 1787.99 0 42283  
113 115 1 -0.0110858 0.017919 -0.636288 2564.87 -287.062 0 1893.18 0 42283  
115 116 0 -0.00223635 0.00687072 -0.324798 1575.57 42.4548 -0 2451.72 -0 55801  
114 116 1 -0.0120833 0.0151857 -0.63709 1683.1 290.607 -0 2344.18 -0 55801  
116 117 0 -0.0102669 0.0115796 -0.376557 1652.88 845.012 -0 2702.71 -0 42379.2  
117 118 0 -0.00328758 0.00561309 -0.281731 1154.87 296.925 -0 2139.43 -0 55639.4  
115 118 1 -0.00716095 0.0275308 -0.983087 1857.53 535.016 -0 1436.76 -0 55639.4  
118 119 0 -0.301967 -0.0115722 0.0733997 1618.13 -281.49 0 3478.39 0 42230.3  
111 119 1 -0.439165 0.348207 -1.86887 3423.7 -421.886 0 1672.82 0 42230.3  
119 120 0 -0.300398 -0.000546195 0.000229829 2199.21 -461.641 0 2110.97 0 41935.9  
89 120 1 -0.00342867 1.96441 2.89248 1973.04 -426.52 0 2337.13 0 41935.9  
120 121 0 -0.299193 -0.0252211 0.0889414 2111.89 576.44 -0 2359.74 -0 41956.8  
89 121 1 0.292746 1.91509 2.98142 2402.42 565.584 -0 2069.21 -0 41956.8  
121 122 0 -0.300988 -0.000489571 0.000148487 1855.34 -494.325 0 2420.14 0 41974.3  
88 122 1 0.375143 1.84054 2.92072 1671.01 -325.998 0 2604.47 0 41974.3  
122 123 0 -0.305785 -0.000460189 0.000133589 1172.73 -73.3452 0 2439.11 0 41953.5  
87 123 1 0.470406 1.73338 2.85488 1234.29 282.052 -0 2377.55 -0 41953.5  
123 124 0 -0.300683 -0.000517887 0.000169857 882.623 -189.267 0 4240.41 0 26852.1  
86 124 1 0.444995 1.64834 2.85505 1048.48 751.824 -0 4074.55 -0 26852.1  
124 125 0 -0.302114 -0.000551703 0.000184349 878.204 -188.308 0 4240.47 0 21235.3  
85 125 1 0.40308 1.56297 2.85526 1044.65 753.246 -0 4074.02 -0 21235.3  
125 126 0 -0.300533 -0.000514382 0.000194116 881.989 266.27 -0 4218.99 -0 21210.9  
84 126 1 0.357927 1.47808 2.85552 1292.31 1127.73 -0 3808.67 -0 21210.9  
126 127 0 -0.300321 -0.000477948 0.000171405 902.28 -270.077 0 4045.27 0 21162.9  
83 127 1 0.345169 1.39331 2.8557 1006.32 623.781 -0 3941.23 -0 21162.9  
127 128 0 -0.305246 -0.000503358 0.000109626 501.149 -48.1893 0 3895.24 0 21120.9  
82 128 1 0.301113 1.30717 2.85581 745.016 877.815 -0 3651.38 -0 21120.9  
128 129 0 -0.300588 -0.000515431 0.00020132 383.439 115.03 -0 4213.62 -0 21122  
81 129 1 0.265862 1.22241 2.85602 750.047 1132.7 -0 3847.01 -0 21122  
129 130 0 -0.302755 0.00342703 -0.0319283 358.58 91.1914 -0 4079.37 -0 15471.9  
80 130 1 0.248203 1.13039 2.82411 703.123 1082.39 -0 3734.83 -0 15471.9  
130 131 0 -0.341531 -0.000357373 -0.000501123 324.617 -142.26 0 3965.18 0 21107.1  
79 131 1 0.220558 1.0265 2.82361 595.022 965.165 -0 3694.78 -0 21107.1  
131 132 0 -0.306255 -0.00049146 3.17147e-05 294.579 -191.404 0 4281.97 0 21109.3  
78 132 1 0.187503 0.930696 2.82365 570.652 1030.16 -0 4005.9 -0 21109.3  
132 133 0 -0.313023 -0.000502437 5.87481e-06 258.177 -22.8594 0 4292.48 0 21106.5  
78 133 1 0.484994 0.833317 2.82365 638.867 1179.58 -0 3911.79 -0 21106.5  
133 134 0 -0.304793 -0.000313447 5.00138e-05 250.705 -172.919 0 4622.28 0 21133.8  
76 134 1 0.123232 0.737292 2.82373 575.164 1158.89 -0 4297.82 -0 21133.8  
134 135 0 -0.332944 -0.000730038 3.68821e-05 244.929 -8.17281 0 4631.92 0 21165.4  
75 135 1 0.105082 0.635229 2.83776 633.029 1245.81 -0 4243.82 -0 21165.4  
135 136 0 -0.33184 -0.00742081 0.0280065 284.202 -178.301 0 4447.38 0 21178.9  
74 136 1 0.101302 0.546991 2.87806 529.961 997.263 -0 4201.62 -0 21178.9  
136 137 0 -0.315642 -0.00464683 0.0270562 292.812 -100.276 0 4441.73 0 21193.9  
73 137 1 0.0583937 0.47256 2.9174 500.951 911.199 -0 4233.59 -0 21193.9  
137 138 0 -0.303358 -0.00413261 0.0142155 423.185 7.78168 -0 4410.49 -0 21219.3  
72 138 1 0.0193536 0.414644 2.96203 573.984 760.658 -0 4259.69 -0 21219.3  
138 139 0 -0.340905 -0.00054437 2.18285e-05 597.295 202.361 -0 4565.4 -0 21270.6  
71 139 1 0.0124043 0.366242 3.03543 684.519 616 -0 4478.18 -0 21270.6  
139 140 0 -0.310635 -2.89895e-06 3.7416e-05 814.081 557.361 -0 4674.99 -0 41959  
70 140 1 -0.0231533 0.346508 3.1217 837.825 633.844 -0 4651.24 -0 41959  
140 141 0 -0.299967 0.00584824 -0.0249785 743.189 -160.331 0 4089.59 0 42047.7  
141 142 0 -0.302603 -0.0228809 0.208538 646.129 -20.8106 0 2795.08 0 42415.9  
142 143 0 -0.137883 -0.0294217 0.394893 1185.96 54.2652 -0 1389.96 -0 42275.9  
143 144 0 -0.104219 -0.0215697 0.338437 1749.41 807.455 -0 2590.8 -0 42362.8  
144 145 0 -0.251215 -0.0435215 0.294348 1294.74 173.834 -0 1505.64 -0 42402  
145 146 0 -0.252155 -0.0432181 0.30202 3133.09 759.707 -0 1963.39 -0 55798.1  
146 147 0 -0.252536 -0.0460044 0.356466 2350.66 -235.024 0 2345.61 0 42534.4  
147 148 0 -0.166092 -0.032202 0.31678 2689.44 120.321 -0 1674.87 -0 42253.7  
148 149 0 -0.163583 -0.0332989 0.339352 4406.51 -1333.94 0 2064.77 0 42541.6  
149 150 0 -0.0954784 -0.0181036 0.305796 3683.08 -3368.64 0 6830.71 0 42496.4  
150 151 0 -0.312196 -0.0635972 0.115283 2091.48 -749.183 0 4665.81 0 42383.2  
151 152 0 -0.238267 0.0258648 -0.305163 1404.09 305.429 -0 4758.15 -0 42210.8  
152 153 0 -0.0627506 0.020761 -0.306622 3694.6 -456.359 0 4348.5 0 26834  
153 154 0 -0.149495 0.02707 -0.300787 4093.38 -1683.4 0 2610.07 0 26836.5  
154 155 0 -0.138746 0.0342499 -0.306917 3560.39 -1896.93 0 3300.39 0 26775.2  
155 156 0 -0.249726 0.0350002 -0.309166 4715.03 180.37 -0 1708.54 -0 41996.8  
156 157 0 -0.300335 0.00225423 0.0377028 4785.12 293.62 -0 2486.46 -0 15441.5  
157 158 0 -0.300203 -0.0133591 0.0529934 4107.89 -698.358 0 3913 0 15379.6  
158 159 0 -0.302164 -0.000484329 0.000121932 2756.74 294.248 -0 2494.08 -0 15356.4  
159 160 0 -0.300492 -0.00048527 0.000163908 2222.66 -478.145 0 2197.19 0 12692.8  
160 161 0 -0.302197 -0.000511862 0.000184937 2215.92 476.856 -0 2232.7 -0 9975.34  
161 162 0 -0.213053 0.00613835 -0.311887 2226.16 479.292 -0 2226.66 -0 9947.42  
162 163 0 -0.00794648 0.00756138 -0.363753 3010.72 -322.564 0 2228.75 0 16935.6  
163 164 0 -0.00153789 0.00628424 -0.348498 2666.19 -342.342 0 1259.08 0 9295.98  
164 165 0 -0.0228164 0.0102331 -0.291932 2178.53 26.8529 -0 1025.96 -0 9268.29  
165 166 0 -0.00185582 0.00506912 -0.318009 2776.41 495.371 -0 2541.8 -0 11369.2  
166 167 0 -0.0120286 0.00732383 -0.298013 2159.36 469.641 -0 2351.58 -0 9944.8  
165 167 1 -0.0109913 0.0157868 -0.616022 2457.12 434.899 -0 2053.82 -0 9944.8  
167 168 0 -0.00149858 0.00614492 -0.3207 1933.85 -266.25 0 4185.54 0 9959.94  
168 169 0 -0.00537675 0.00765219 -0.308808 2498.48 -997.772 0 2863.52 0 15306.3  
169 170 0 -0.0604929 0.0175191 -0.316669 3646.45 -735.797 0 2968.48 0 11073.5  
164 170 1 -0.00397962 0.102153 -1.85413 2920.22 711.58 -0 3694.71 -0 11073.5  
170 171 0 -0.320726 0.0566282 -0.237962 2477.85 427.352 -0 2012.21 -0 12657.7  
161 171 1 0.194043 0.106948 -3.11623 2231.5 486.468 -0 2258.56 -0 12657.7  
171 172 0 -0.316759 0.00218173 -0.00907975 2265.28 484.831 -0 2226.56 -0 12672.8  
160 172 1 0.208537 0.112382 -3.12512 2240.49 485.187 -0 2251.35 -0 12672.8  
172 173 0 -0.316754 -0.00051549 3.62894e-05 2240.94 -483.014 0 2235.12 0 12684.2  
158 173 1 -0.0774497 0.117258 -3.1248 2257.12 -482.646 0 2218.94 0 12684.2  
