0 1 0 -0.0257327 -0.0140018 0.316299 4714.01 1634.08 -0 3323.43 -0 128250  
1 2 0 -0.0949074 -0.022769 0.31155 1460.17 465.3 -0 1083.04 -0 127598  
2 3 0 -0.0284732 -0.0242718 0.325301 470.494 293.601 -0 364.634 -0 126646  
3 4 0 0.00118295 0.00203043 0.340964 1463.45 336.769 -0 868.565 -0 73283.2  
2 4 1 -0.0280012 -0.0219698 0.666265 1198.72 448.125 -0 1133.3 -0 73283.2  
4 5 0 0.00357653 -0.00724325 0.419042 3769.26 493.2 -0 2136.3 -0 51664.4  
5 6 0 -0.00778572 0.0050816 0.280833 4232.34 -116.143 0 3226.57 0 50649.4  
3 6 1 -0.00216848 -0.00528035 1.04084 3870.97 496.34 -0 3587.93 -0 50649.4  
6 7 0 -0.0583194 -0.0256053 0.467327 3871.14 -18.0942 0 3858.83 0 126208  
0 7 1 -0.0672899 -0.149016 2.46132 3847.36 7.38157 -0 3882.62 -0 126208  
7 8 0 -0.0713732 -0.0310431 0.473995 1143.12 -60.9298 0 1382.9 0 51424.4  
8 9 0 -0.0910539 -0.0252662 0.346279 1216.33 40.6313 -0 1817.8 -0 124894  
9 10 0 -0.171626 -0.040391 0.412267 1713.92 -28.1833 0 3848.68 0 125318  
10 11 0 -0.264538 -0.0520979 0.296454 1985.77 354.07 -0 1457.04 -0 125649  
11 12 0 -0.343114 -0.019247 0.0364474 2664.25 1056.08 -0 2993.52 -0 124896  
12 13 0 -0.308312 0.0121055 -0.0828015 3333.97 954.225 -0 2327.03 -0 124526  
13 14 0 -0.333282 0.0270002 -0.157585 3168.92 1025.65 -0 2484.27 -0 124717  
14 15 0 -0.342328 0.0178157 -0.0774758 2373.63 354.695 -0 2166.18 -0 124423  
15 16 0 -0.30449 0.00317229 -0.0145246 2084.91 807.649 -0 3588.51 -0 124700  
16 17 0 -0.316937 0.0108272 -0.0739954 2048.79 776.613 -0 3591.53 -0 56526  
17 18 0 -0.322255 0.0095694 -0.0627935 1482.72 -140.742 0 3538.34 0 57038.5  
18 19 0 -0.326989 -0.000594022 5.14286e-05 1529.01 -283.087 0 3548.18 0 124572  
19 20 0 -0.340428 -0.00265158 0.0366555 1915.31 -1023.72 0 4187.83 0 56291.1  
20 21 0 -0.312005 -0.0135949 0.0917715 1803.48 -919.875 0 4161.26 0 57214.2  
21 22 0 -0.322441 -0.0152017 0.0776514 1666.68 -1074.46 0 5762.07 0 56962.1  
22 23 0 -0.313054 -0.00936991 0.0737522 1446.98 -840.41 0 6311.54 0 56194.4  
23 24 0 -0.299293 -0.0281185 0.139243 1063.77 -338.455 0 4671.17 0 57097.6  
24 25 0 -0.322753 0.0075532 -0.0356923 1290.6 -385.858 0 4594.28 0 56728.3  
25 26 0 -0.347342 -0.0387346 0.175965 1040.54 -276.7 0 3727.68 0 42629.2  
26 27 0 -0.331517 -0.0181111 0.0876736 1632.88 -651.91 0 4160.91 0 42536.2  
27 28 0 -0.313452 -0.0185478 0.0875279 1488.33 -750.83 0 4196.46 0 42457.9  
28 29 0 -0.324408 -0.018876 0.104784 972.21 -834.084 0 5219.24 0 42344.1  
29 30 0 -0.340196 -0.0133087 0.0584743 842.699 -373.698 0 5338.57 0 42318.7  
30 31 0 -0.309175 -0.00611837 0.025706 805.782 -110.805 0 5262.58 0 42379.7  
31 32 0 -0.314549 0.0241016 -0.166027 960.782 -800.748 0 4064.19 0 42456.3  
32 33 0 -0.300294 0.0203063 -0.119803 1054.56 -78.6412 0 3015.04 0 42713.6  
33 34 0 -0.316036 0.012582 -0.067439 1506.83 -916.211 0 3784.78 0 57236.2  
34 35 0 -0.314909 -0.000129994 -0.00116036 1296.79 -1334.47 0 3105.93 0 57521.2  
35 36 0 -0.340405 0.00405757 -0.0242835 1627.58 -1641.98 0 3864.62 0 43041.8  
36 37 0 -0.333309 -0.000544834 3.16725e-05 1999.73 -1629.54 0 2501.04 0 42757.7  
37 38 0 -0.311754 -0.000505965 3.02196e-05 2039.79 -1659.14 0 2552.37 0 42618.5  
38 39 0 -0.308762 -0.000500157 3.16939e-05 2057.64 -1674.11 0 2581.96 0 42575.8  
39 40 0 -0.314158 -0.000943572 0.00816965 2047.57 -1669.46 0 2571.26 0 42229.1  
40 41 0 -0.336433 -0.00609558 0.0184078 1996.74 -1648.74 0 2568.65 0 42189.6  
41 42 0 -0.343213 -0.000822299 0.00512133 1248.3 -1516.91 0 2918.54 0 27129.2  
42 43 0 -0.303134 -0.0133596 0.0672656 1580.44 -1761.19 0 2769.21 0 21448  
43 44 0 -0.187121 -0.0270493 0.300824 1436.06 -1840.1 0 3079.98 0 26960  
44 45 0 -0.00366819 0.00586179 -0.300354 541.206 -1054.01 0 3982.55 0 27031.4  
45 46 0 -0.0542148 -0.0387827 0.374915 285.617 -487.651 0 1166.41 0 28791.9  
44 46 1 -0.0669301 -0.0151448 0.0745611 87.0818 -153.356 0 1364.95 0 28791.9  
46 47 0 -0.232007 -0.0423295 0.280971 130.174 -428.438 0 2605.59 0 28679.9  
47 48 0 -0.354441 -0.0242304 0.125855 336.751 466.611 -0 4523.04 -0 21355.2  
48 49 0 -0.349831 -0.000505523 0.00820472 553.068 1020.97 -0 3995.57 -0 21351  
49 50 0 -0.303253 -0.00325388 3.53481e-05 574.341 1055.35 -0 3955.63 -0 21374.4  
50 51 0 -0.324825 -0.00052069 6.65535e-06 729.601 1341.25 -0 4041.48 -0 21379.1  
51 52 0 -0.310705 0.00580344 -0.0250349 596.705 990.909 -0 3815.81 -0 26944.6  
52 53 0 -0.313238 -0.00301216 -1.46553e-05 729.606 1100.4 -0 3911.64 -0 26955.7  
53 54 0 -0.306034 -0.000494468 1.86587e-05 668.43 1153.86 -0 4151.29 -0 21395.1  
54 55 0 -0.328859 0.00232132 -0.0128248 739.564 1117.6 -0 3937.03 -0 42055.8  
55 56 0 -0.32391 -0.000518241 1.21527e-05 529.456 720.389 -0 4140.06 -0 26985.6  
56 57 0 -0.306162 -0.00288299 7.05247e-06 989.999 1211.32 -0 4300.48 -0 26976.6  
57 58 0 -0.353812 0.00183071 9.26437e-06 752.338 849.399 -0 4018.69 -0 26983.6  
58 59 0 -0.307787 -0.000488536 1.43993e-05 1091.85 1179.5 -0 4063.39 -0 42010.2  
59 60 0 -0.316571 -0.000506942 1.13971e-05 1092.49 1176.1 -0 4064.68 -0 26969.6  
60 61 0 -0.331377 -0.00292357 1.4631e-05 912.41 1212.61 -0 4384.94 -0 26976.6  
61 62 0 -0.324751 0.00187105 1.48614e-05 753.507 849.807 -0 4045.43 -0 41920.6  
62 63 0 -0.314869 -0.0029005 1.43375e-05 730.116 1096.31 -0 4056.36 -0 42018.5  
63 64 0 -0.343578 -0.000553661 1.65469e-05 765.553 864.858 -0 4045 -0 42124  
64 65 0 -0.317278 0.00188495 1.21864e-05 725.933 687.312 -0 4678.96 -0 42169.9  
65 66 0 -0.313073 -0.000510452 5.32825e-05 763.994 540.008 -0 4381.83 -0 42113.8  
66 67 0 -0.316587 -0.000509225 1.63878e-06 1087.7 1161.52 -0 4017.1 -0 42334.1  
67 68 0 -0.313717 -0.00314838 0.0118859 743.989 518.069 -0 4216.64 -0 42366.5  
68 69 0 -0.309258 -0.000503398 3.3236e-05 1823.25 697.074 -0 3165.59 -0 42789.5  
69 70 0 -0.326861 -0.000521452 1.47982e-05 1457.43 181.934 -0 3226.82 -0 57561.9  
70 71 0 -0.323332 -0.00051512 -2.22629e-05 1580.62 -336.363 0 1971.57 0 124643  
71 72 0 -0.315972 -0.000503647 1.20546e-05 1988.75 339.765 -0 1600.31 -0 125208  
72 73 0 -0.335186 -0.000529889 7.9054e-05 2000.53 341.488 -0 1618.11 -0 124706  
73 74 0 -0.319509 0.0119302 -0.288202 265.417 -33.1961 0 539.801 0 124517  
74 75 0 0.0388122 0.00831001 -0.39783 234.627 -139.967 0 639.864 0 125203  
75 76 0 -0.0392717 -0.00749246 -0.326962 1000.4 333.076 -0 925.807 -0 55971.5  
74 76 1 -0.000295263 0.0166173 -0.724792 1227.13 206.448 -0 699.078 -0 55971.5  
76 77 0 0.0155365 0.0432214 -0.537921 991.102 9.36971 -0 1389.43 -0 56342.6  
75 77 1 -0.010677 0.0284494 -0.864883 1037.89 128.59 -0 1342.64 -0 56342.6  
77 78 0 -0.0367193 0.00148173 -0.388285 1636.18 -338.184 0 2032.71 0 56451  
78 79 0 -0.0710263 0.0297895 -0.447928 2423.79 -112.299 0 1782.42 0 56404.9  
79 80 0 -0.065715 0.0160955 -0.324981 3358.35 761.745 -0 1999.2 -0 56870.6  
80 81 0 -0.127093 0.0396647 -0.452353 2536.1 130.264 -0 1385.73 -0 56571.1  
81 82 0 -0.137311 0.0234146 -0.302109 1763.54 -364.949 0 2169.33 0 55734.5  
82 83 0 -0.312703 0.0482637 -0.203273 1857.61 132.287 -0 1590.6 -0 124605  
72 83 1 0.0573976 0.00742919 2.61342 1910.44 24.5526 -0 1537.77 -0 124605  
83 84 0 -0.307103 -0.000578243 0.000177725 1746.57 353.148 -0 2233.5 -0 57241.6  
71 84 1 0.006973 -0.147337 2.61361 2177.66 385.728 -0 1802.41 -0 57241.6  
84 85 0 -0.182746 -0.00558165 0.310421 2181.58 -372.749 0 1774.76 0 56290.8  
71 85 1 0.167645 -0.234582 2.92403 1753.9 -360.579 0 2202.45 0 56290.8  
85 86 0 0.00330746 -0.00532604 0.302794 2005.58 427.309 -0 1989.38 -0 56552.2  
86 87 0 -0.313925 -0.0290339 -0.0675297 2064.3 351.083 -0 2303.42 -0 55843.7  
70 87 1 0.152544 -0.17354 -3.12391 2006.49 325.721 -0 2361.23 -0 55843.7  
87 88 0 -0.313588 0.0321581 -0.165664 1470.73 575.43 -0 3439.11 -0 42385.5  
68 88 1 -0.169458 -0.201163 2.99366 1450.95 540.181 -0 3458.89 -0 42385.5  
88 89 0 -0.301471 0.0117924 -0.0609589 824.732 117.155 -0 4045.03 -0 42040  
67 89 1 -0.183686 -0.258884 2.94458 915.459 545.583 -0 3954.31 -0 42040  
89 90 0 -0.319842 0.0130527 -0.0637759 844.579 215.271 -0 3648.3 -0 42036.1  
66 90 1 -0.189173 -0.334798 2.88081 1034.64 736.95 -0 3458.24 -0 42036.1  
90 91 0 -0.332981 0.00152219 -0.00650082 540.31 -120.616 0 4260.97 0 26892.9  
65 91 1 -0.180894 -0.422627 2.87436 727.478 822.135 -0 4073.8 -0 26892.9  
91 92 0 -0.307517 -0.000499545 3.86407e-05 499.731 -176.804 0 3800.81 0 26877  
64 92 1 -0.201432 -0.501463 2.87441 639.834 688.566 -0 3660.71 -0 26877  
92 93 0 -0.33806 -0.000228101 -0.00604946 486.717 -2.5707 0 3792.9 0 26770.9  
63 93 1 -0.218874 -0.591047 2.86838 715.83 839.645 -0 3563.78 -0 26770.9  
93 94 0 -0.300537 0.012597 -0.0926257 498.212 -197.017 0 3780.97 0 26798.6  
62 94 1 -0.247743 -0.687169 2.77577 634.822 684.552 -0 3644.36 -0 26798.6  
94 95 0 -0.315887 0.0186547 -0.069688 854.292 -262.361 0 3602.31 0 21266.5  
61 95 1 -0.284171 -0.815717 2.70609 1030.63 722.721 -0 3425.97 -0 21266.5  
95 96 0 -0.323786 -0.00773807 0.0491656 1142.07 -554.578 0 3827.96 0 21213.1  
60 96 1 -0.318706 -0.948217 2.75527 1195.82 670.091 -0 3774.22 -0 21213.1  
96 97 0 -0.311832 -0.0114716 0.0643197 866.432 -317.398 0 3590.01 0 21205.4  
59 97 1 -0.342092 -1.05559 2.81961 1031.51 723.256 -0 3424.93 -0 21205.4  
97 98 0 -0.353091 -0.00701976 0.0344393 940.379 -518.77 0 3762.74 0 21144.7  
58 98 1 -0.312695 -1.16116 2.85406 911.545 432.332 -0 3791.58 -0 21144.7  
98 99 0 -0.3136 -0.00468829 0.0264635 821.927 -41.3911 0 3593.44 0 21122.9  
99 100 0 -0.305645 -0.00539418 0.0272238 822.01 30.1266 -0 3591.84 -0 21134.1  
100 101 0 -0.309187 -0.000972717 0.0100008 821.711 107.715 -0 3571.15 -0 21100.2  
101 102 0 -0.291884 -0.0112743 0.0512736 843.953 131.195 -0 2209.93 -0 15477.6  
55 102 1 -0.109701 -1.44533 2.96905 968.031 413.889 -0 2085.85 -0 15477.6  
102 103 0 -0.104818 0.0144558 -0.316901 756.26 94.134 -0 3286.9 -0 26659.8  
103 104 0 -0.0066846 0.00621331 -0.300506 1047.15 -465.013 0 2096.62 0 21102.8  
104 105 0 -0.00155058 0.00642805 -0.314891 1414.47 -686.651 0 1760.97 0 21100.2  
103 105 1 -0.00626296 0.0128123 -0.615397 1056.55 -468.357 0 2118.89 0 21100.2  
105 106 0 -0.0114946 0.00773592 -0.307306 1547.26 -707.349 0 1635.9 0 15468.5  
104 106 1 -0.010084 0.0173436 -0.622197 1139.15 -545.545 0 2044 0 15468.5  
106 107 0 -0.00331374 0.00774519 -0.308795 1193.66 -498.853 0 977.084 0 14312.6  
107 108 0 -0.00269611 0.00619806 -0.357588 1493.6 -215.184 0 812.944 0 14242.7  
108 109 0 -0.300456 0.013265 0.179391 2169.97 -101.709 0 1627.59 0 21072.4  
102 109 1 0.0163296 0.33028 -1.7266 1749.47 248.182 -0 2048.09 -0 21072.4  
109 110 0 -0.299305 -0.0255211 0.0843522 2235.14 -201.957 0 1790.38 0 12660.5  
110 111 0 -0.209295 -0.00615904 0.319202 3592.34 23.0224 -0 1605.97 -0 11302.2  
111 112 0 0.00536864 -0.0074433 0.35665 2160.11 315.09 -0 1379.58 -0 10691.8  
112 113 0 0.0019417 -0.00729405 0.401852 2294.97 -435.911 0 2072.96 0 11295.5  
113 114 0 -0.00734699 -0.00768577 0.31666 2066.85 -838.556 0 3149.36 0 11292.8  
114 115 0 -0.0263533 -0.0119179 0.304939 1930.63 -285.924 0 2121.35 0 9948.99  
115 116 0 -0.017003 -0.00638059 0.302583 1854.81 19.0621 -0 1873.04 -0 8467.56  
116 117 0 0.00313383 -0.00576735 0.302965 1870.63 19.2653 -0 1859.71 -0 8468  
115 117 1 -0.0122929 -0.0109521 0.605548 1858.7 18.9488 -0 1871.64 -0 8468  
117 118 0 -0.00674878 -0.00810676 0.307191 1877.87 14.659 -0 1849.12 -0 8472.38  
114 118 1 -0.0325277 -0.0363581 1.21768 1845.74 10.2985 -0 1881.26 -0 8472.38  
118 119 0 -0.0899988 -0.025608 0.3308 1456.62 145.289 -0 1948.88 -0 9935.14  
119 120 0 -0.297762 -0.0495296 0.186931 1833.45 -11.4499 0 1789.38 0 21068.1  
109 120 1 -0.0619743 -0.103935 -3.06906 1830.28 -16.1495 0 1792.55 0 21068.1  
120 121 0 -0.311735 0.0110829 -0.289864 1831.81 -28.0218 0 860.874 0 21130.1  
108 121 1 -0.0382327 -0.0330883 3.10365 1785.01 209.843 -0 907.674 -0 21130.1  
121 122 0 -0.130473 0.0282823 -0.293076 2164.81 260.047 -0 891.981 -0 21146.8  
103 122 1 -0.070015 -0.0521582 1.22149 866.818 -186.984 0 2189.97 0 21146.8  
122 123 0 -0.0972417 0.0194968 -0.329691 2705.55 1555.78 -0 1668.85 -0 15489.3  
123 124 0 -0.218543 0.0442846 -0.303096 1685.65 1804.37 -0 2660.44 -0 21177.1  
54 124 1 0.0347387 -1.37158 -3.05516 558.458 941.493 -0 3787.63 -0 21177.1  
124 125 0 -0.33218 0.0461241 -0.245066 746.494 1337.92 -0 4070.33 -0 21234.2  
125 126 0 -0.306009 0.0261116 -0.14186 323.853 512.623 -0 4267.73 -0 21203.5  
126 127 0 -0.321145 0.0111467 -0.0413897 294.166 -189.652 0 4454.49 0 21226.3  
127 128 0 -0.34425 -0.000556028 4.27477e-05 245.139 -252.76 0 4360.16 0 21231.8  
128 129 0 -0.323644 -0.00444882 0.0276638 336.714 -317.893 0 3965.16 0 21284.6  
129 130 0 -0.317961 -0.00146675 0.00830175 417.673 -300.938 0 3388.01 0 21486.7  
130 131 0 -0.215875 0.0220581 -0.301321 541.531 -154.231 0 2001.71 0 42317.5  
131 132 0 -0.188915 0.036164 -0.343484 1206.14 -636.93 0 1849.64 0 42368.7  
132 133 0 -0.170578 0.0366391 -0.306664 2024.92 -556.343 0 1624.17 0 27022.9  
133 134 0 -0.252494 0.0473261 -0.322513 2882.23 -650.033 0 1716.16 0 42533.2  
134 135 0 -0.245654 0.0386393 -0.305094 3242.89 -179.942 0 1494.62 0 42476.5  
135 136 0 -0.186374 0.0315109 -0.324703 3386.05 378.074 -0 1641.94 -0 42496.6  
136 137 0 -0.199553 0.0386835 -0.336738 3218.89 1275.71 -0 2510.93 -0 42526.8  
137 138 0 -0.163535 0.0308848 -0.33552 2608.71 1659.71 -0 3803.99 -0 55820.8  
138 139 0 -0.0758155 0.0161338 -0.316437 1659.89 882.022 -0 4488.91 -0 55921  
139 140 0 -0.0344331 0.0105843 -0.31193 2104.08 585.143 -0 4969.42 -0 42386.9  
140 141 0 -0.306936 -0.0242171 0.184709 1074.35 -334.914 0 3976.09 0 42321.3  
141 142 0 -0.310767 -0.037824 0.20066 1450.04 -546.853 0 4611.91 0 26947.3  
142 143 0 -0.324626 -0.027722 0.123219 1464.47 116.726 -0 5027.51 -0 26615  
143 144 0 -0.34046 -0.00771078 0.0417204 2703.62 1396.91 -0 3414.44 -0 21122.5  
144 145 0 -0.299586 -0.0254439 0.155683 1659.45 -271.186 0 2329.91 0 12758.2  
145 146 0 -0.31641 -0.0350222 0.0240387 2580.47 1019.29 -0 2798.87 -0 11323.5  
146 147 0 -0.168119 0.0272838 -0.273351 3461.77 1774.16 -0 3022.57 -0 15329.6  
147 148 0 -0.295521 0.0576866 -0.292125 1996.04 1063.72 -0 3236.53 -0 14128.5  
148 149 0 -0.301024 0.0040394 -0.0255439 1622.77 -683.191 0 5124.81 0 9991.72  
149 150 0 -0.30064 -0.000459868 0.000119191 1750.16 938.172 -0 5048.42 -0 9970.47  
150 151 0 -0.301007 -0.000457352 8.11452e-06 1764.23 941.239 -0 5074.01 -0 8483.58  
151 152 0 -0.301291 0.00562573 -0.0268381 1788.96 956.609 -0 5164.11 -0 8470  
152 153 0 -0.300052 -0.000466949 0.000159738 1468.92 -739.78 0 5662.22 0 8458.77  
153 154 0 -0.300028 -0.000461374 0.000145646 1756.01 869.427 -0 5229.62 -0 8455.18  
154 155 0 -0.300031 -0.000419003 -1.68052e-05 1755.99 869.846 -0 5230.41 -0 8438.9  
155 156 0 -0.300593 -0.000491736 0.000143002 1744.96 869.779 -0 5192.5 -0 8439.62  
156 157 0 -0.306048 -0.000495607 0.000170521 1720.25 853.01 -0 5105.19 -0 8462.68  
157 158 0 -0.300705 -0.000465132 9.93989e-05 1678.86 835.312 -0 4985.29 -0 8469.46  
158 159 0 -0.225879 0.0226635 -0.301459 1702.71 841.833 -0 5040.01 -0 8463.97  
159 160 0 -0.110719 0.0221576 -0.317526 2255.21 -373.564 0 2537.91 0 8460.47  
160 161 0 -0.140093 0.0268078 -0.303535 1753.99 144.968 -0 2676.64 -0 8451.78  
161 162 0 -0.238843 0.0383592 -0.300388 2673.95 129.067 -0 1757.81 -0 9899.93  
162 163 0 -0.129707 0.0292469 -0.310648 1889.8 -366.465 0 2523.06 0 7692.93  
163 164 0 -0.304194 0.00692391 -0.0225421 2193.91 -479.382 0 2263.53 0 8330.64  
164 165 0 -0.177876 0.0147972 -0.339281 2211.34 -475.976 0 2251.09 0 6006.34  
165 166 0 -0.0033268 0.00704854 -0.376801 1925.81 375.228 -0 2505.59 -0 3260  
166 167 0 -0.000720308 0.00776656 -0.414463 1746.1 89.3792 -0 2670.91 -0 4129.76  
167 168 0 0.000285768 0.00641604 -0.297747 1869.28 -302.941 0 2613.93 0 5998.79  
165 168 1 0.00362535 0.0188422 -1.08901 1943.05 375.852 -0 2540.16 -0 5998.79  
168 169 0 -0.0212647 0.0104107 -0.314999 2392.69 465.15 -0 2096.18 -0 8284.42  
169 170 0 -0.00187676 0.00629411 -0.315161 2091.93 461.808 -0 2403.09 -0 7526.27  
168 170 1 -0.0210991 0.0169765 -0.63016 2393.87 464.813 -0 2101.15 -0 7526.27  
170 171 0 -0.00169632 0.00601001 -0.299932 1852.83 285.361 -0 2640.99 -0 7570.38  
171 172 0 -0.00160481 0.00663889 -0.309003 2732.57 -9.55552 0 1760.29 0 8284.13  
172 173 0 -0.11033 0.0325835 -0.33764 2654.51 271.617 -0 1852.05 -0 8293.63  
164 173 1 -0.0294184 0.0711575 -3.00503 2266.5 484.34 -0 2240.06 -0 8293.63  
173 174 0 -0.300991 0.026629 -0.138357 2107.28 -466.291 0 2388.62 0 8394.06  
163 174 1 -0.0299346 0.0865162 3.11726 2216.34 -486.021 0 2279.56 0 8394.06  
174 175 0 -0.309908 -0.0177681 0.219669 3714.84 -11.3641 0 1665.52 0 10996.2  
161 175 1 -0.0689949 0.0230888 2.72589 2982.19 -982.238 0 2398.17 0 10996.2  
175 176 0 -0.093162 -0.0190132 0.32945 4117.04 -197.8 0 1866.1 0 11283.9  
161 176 1 0.023911 0.00286098 3.05534 3603.81 -964.871 0 2379.33 0 11283.9  
176 177 0 -0.0860488 -0.025902 0.353353 3909.96 -645.359 0 2057.06 0 11346.3  
160 177 1 -0.026983 0.0136524 3.10516 3188.75 -1110.26 0 2778.28 0 11346.3  
177 178 0 -0.239845 -0.0438906 0.329931 2703.75 -150.67 0 1793.98 0 9908.52  
158 178 1 -0.122183 -0.0079158 2.81611 2220.18 -478.328 0 2277.54 0 9908.52  
178 179 0 -0.310846 -0.0401931 0.202437 2549.31 -1058.23 0 3456.13 0 11272.7  
157 179 1 -0.115504 -0.0696787 3.01864 2000.9 -567.27 0 4004.54 0 11272.7  
179 180 0 -0.315829 -0.0289477 0.148929 1927.69 307.711 -0 4216.81 -0 8411.04  
156 180 1 -0.104543 -0.080144 -3.11544 2036.83 576.719 -0 4107.67 -0 8411.04  
180 181 0 -0.336998 -0.00986946 0.036966 2052.32 628.689 -0 4059.37 -0 8399.19  
155 181 1 -0.0685025 -0.061925 -3.07833 2020.67 575.073 -0 4091.02 -0 8399.19  
181 182 0 -0.309589 -0.00272059 0.00736999 1780.48 652.719 -0 4321.77 -0 8391.74  
154 182 1 -0.0597364 -0.0400617 -3.07098 1708.29 487.216 -0 4393.96 -0 8391.74  
182 183 0 -0.322417 -0.000521513 2.41009e-05 1416.51 25.6552 -0 4256.05 -0 8392.5  
153 183 1 -0.038185 -0.0172171 -3.07081 1427.08 -174.85 0 4245.47 0 8392.5  
183 184 0 -0.305448 0.00551028 -0.0323207 1139.49 230.944 -0 4266.97 -0 8389.74  
152 184 1 -0.0331637 -0.00153575 -3.10297 1122.54 7.49834 -0 4283.92 -0 8389.74  
184 185 0 -0.301193 0.00479105 -0.0204012 1089.26 317.734 -0 4083.64 -0 8391.98  
151 185 1 -0.0332556 0.00373859 3.13297 1082.19 282.366 -0 4090.71 -0 8391.98  
185 186 0 -0.321602 -0.000525085 4.33089e-05 1059.67 -165.187 0 4080.19 0 8403.07  
150 186 1 -0.0126684 0.00103699 3.13303 1057.05 -139.156 0 4082.81 0 8403.07  
186 187 0 -0.332518 0.00437765 -0.0264149 1420.93 324.139 -0 2336.21 -0 8416.78  
149 187 1 0.0191607 -0.00661089 3.10673 1426.47 331.824 -0 2330.67 -0 8416.78  
187 188 0 -0.30981 -0.00112482 0.0124471 2129.53 -465.287 0 2193.34 0 8417.88  
148 188 1 0.0272746 -0.0206392 3.09363 2073.68 -458.051 0 2249.18 0 8417.88  
188 189 0 -0.270637 -0.0308595 0.341859 2107.49 -461.156 0 2171.14 0 8416.75  
147 189 1 -0.0099148 -0.0311165 -3.13982 1824.54 -338.52 0 2454.09 0 8416.75  
189 190 0 -0.322418 -0.0361538 0.220901 2540.84 458.356 -0 1851.06 -0 11025.2  
146 190 1 0.134233 -0.0516609 3.09092 2728.1 214.137 -0 1663.8 -0 11025.2  
190 191 0 -0.340896 0.0108456 -0.000561686 2021.37 304.698 -0 1279.88 -0 16556.6  
144 191 1 -0.125976 -0.102824 -3.01311 1931.32 389.233 -0 1369.93 -0 16556.6  
191 192 0 -0.302896 0.0299683 -0.0818389 2690.76 658.143 -0 3313.36 -0 16914.4  
143 192 1 -0.158443 -0.0939288 -3.05323 2488.88 516.442 -0 3515.24 -0 16914.4  
192 193 0 -0.332551 0.00642851 -0.0250456 1751.15 -241.696 0 2508.49 0 21177.8  
143 193 1 0.173378 -0.0709844 -3.07827 1799.54 -304.506 0 2460.09 0 21177.8  
193 194 0 -0.324244 0.0122578 -0.093375 2465.08 299.592 -0 1785.99 -0 26745.3  
141 194 1 -0.131531 -0.0307269 -2.84777 2158.76 451.599 -0 2092.32 -0 26745.3  
194 195 0 -0.300566 0.0279469 -0.21982 1869.62 470.808 -0 3926.73 -0 41970.2  
140 195 1 -0.150914 0.0350178 -2.88288 1920.92 -569.699 0 3875.43 0 41970.2  
195 196 0 -0.319307 -0.0151789 0.278334 1651.38 283.998 -0 3613.89 -0 28285  
138 196 1 0.0964743 0.0527375 3.05027 2098.9 871.004 -0 3166.37 -0 28285  
196 197 0 -0.113946 -0.0295506 0.339534 4115.37 -795.19 0 2693.17 0 42114.3  
137 197 1 0.0608805 0.0286427 3.05429 3272.28 -1058.57 0 3536.26 0 42114.3  
197 198 0 -0.181436 -0.0367212 0.318917 1516.89 -9.4807 0 2334.03 0 42152.9  
136 198 1 0.0478481 0.0044192 3.03647 1648.11 300.163 -0 2202.8 -0 42152.9  
198 199 0 -0.222662 -0.0400829 0.303996 3622.39 682.588 -0 1949.02 -0 55860.3  
135 199 1 0.0794945 -0.0359159 3.01576 3848.95 -188.369 0 1722.46 0 55860.3  
199 200 0 -0.222897 -0.0324883 0.345323 3432.82 413.58 -0 1371.78 -0 56146.1  
134 200 1 0.0354708 -0.0830858 3.05599 3387.13 -512.966 0 1417.47 0 56146.1  
200 201 0 -0.219868 -0.0496933 0.30783 3598.59 -235.401 0 1232.97 0 55998.6  
133 201 1 -0.0236534 -0.0843685 3.0413 3054.46 -1023.01 0 1777.1 0 55998.6  
201 202 0 -0.189384 -0.0296766 0.320393 3320.97 -1066.68 0 1692.18 0 42440.4  
132 202 1 -0.0329334 -0.0843604 3.05503 2290.35 -1324.49 0 2722.81 0 42440.4  
202 203 0 -0.194501 -0.0424603 0.301012 2096.2 -1748.99 0 2766.08 0 42321  
203 204 0 -0.27307 -0.05361 0.323369 1247.53 -1409.58 0 3207.05 0 26954.8  
204 205 0 -0.302308 -0.0364425 0.175199 653.488 -893.938 0 4548.41 0 27004.4  
205 206 0 -0.327397 -0.0124053 0.0509752 382.442 -129.827 0 4125.79 0 26758.4  
206 207 0 -0.340261 0.00915331 -0.0689485 296.406 136.631 -0 4599.18 -0 26841.4  
207 208 0 -0.315915 0.0208344 -0.104089 224.523 96.8277 -0 4234.3 -0 26724.4  
208 209 0 -0.316173 0.00681055 -0.0208628 261.595 -378.375 0 3729.97 0 27009.6  
209 210 0 -0.300156 -0.000482611 3.83381e-05 299.166 -594.88 0 4045.93 0 26953.1  
210 211 0 -0.331294 0.00142994 -0.0271928 227.501 -270.171 0 3959.26 0 21438.6  
211 212 0 -0.315068 -0.000335151 -0.000536856 682.978 -222.048 0 4319.8 0 26907  
212 213 0 -0.305824 0.0010342 5.36654e-05 898.169 -878.188 0 4125.43 0 41949.1  
213 214 0 -0.316135 -0.00205156 5.55414e-05 908.443 -887.128 0 4184.7 0 26902.5  
214 215 0 -0.306177 0.0010376 4.01668e-05 698.974 -232.992 0 4398.68 0 26949.4  
215 216 0 -0.315635 -0.000515452 4.21109e-05 910.232 -896.495 0 4202.89 0 21343.3  
216 217 0 -0.325258 -0.000520446 3.63508e-05 907.951 -904.099 0 4187.06 0 21377  
217 218 0 -0.341427 -0.000557044 6.27666e-05 694.738 -227.648 0 4412.33 0 26926.4  
218 219 0 -0.300705 -0.000482176 3.13647e-05 633.386 -550.73 0 4156.62 0 42076.3  
219 220 0 -0.352085 -0.00210304 4.72459e-05 563.206 -792.443 0 4188.96 0 42029.1  
220 221 0 -0.323152 -0.00389271 0.0268417 629.771 -553.468 0 4143.49 0 42035.2  
221 222 0 -0.306692 -0.000496205 3.03294e-05 860.124 -803.19 0 4235.81 0 42132.7  
222 223 0 -0.332769 -0.0005371 4.38141e-05 678.624 -123.938 0 4372.52 0 42195.7  
223 224 0 -0.358885 -0.000577405 5.71652e-05 849.073 -797.033 0 4148.76 0 42414.5  
224 225 0 -0.332159 -0.000536583 3.74054e-05 1473.7 -1059.96 0 4638.8 0 42670.4  
225 226 0 -0.307173 -0.000497831 2.91022e-05 1812.41 -918.245 0 3676.22 0 42736.5  
226 227 0 -0.323756 -0.000532625 5.51228e-05 1692.49 -1060.27 0 4055.76 0 125097  
227 228 0 -0.316056 -0.000507067 3.67857e-05 1703.08 -1056.11 0 4066.28 0 125131  
228 229 0 -0.32359 -0.000519032 3.22916e-05 1671.4 -1044.36 0 3993.11 0 57544.6  
229 230 0 -0.342122 -0.000557163 4.25088e-05 1593.31 -493.316 0 3144.33 0 124725  
230 231 0 -0.300757 -0.000483665 3.86792e-05 1293.82 339.202 -0 4304.41 -0 124816  
231 232 0 -0.333622 -0.000543036 5.27845e-05 1659.92 -1030.91 0 3946.4 0 125310  
232 233 0 -0.316313 -0.00477819 0.0272164 1661.04 -1039.99 0 3966.6 0 125181  
233 234 0 -0.322007 -0.000529928 5.13775e-05 1607.15 -976.001 0 4039.34 0 125273  
234 235 0 -0.332981 -0.000535067 3.30616e-05 757.764 -657.319 0 3904.39 0 125095  
235 236 0 -0.31528 -0.000513326 3.46871e-05 640.307 -14.43 0 4136.79 0 125235  
236 237 0 -0.307605 -0.000498044 3.07711e-05 650.391 -12.2788 0 4188.84 0 125283  
237 238 0 -0.298873 0.000495854 3.40833e-05 654.025 -16.997 0 4221.25 0 57155.1  
238 239 0 -0.351118 -0.00155251 3.89802e-05 790.211 -668.226 0 4105.31 0 42684.2  
239 240 0 -0.336509 0.000414986 -0.0130961 658.454 -17.0936 0 4304.26 0 42573  
240 241 0 -0.302139 -0.000348199 -0.000431328 671.931 -66.6243 0 4378.89 0 42685.4  
241 242 0 -0.341996 -0.000550471 4.00771e-05 674.993 -68.454 0 4374.98 0 124691  
242 243 0 -0.326414 -0.000521778 2.69089e-05 671.978 -67.9697 0 4355.95 0 42855.8  
243 244 0 -0.309404 -0.000503575 4.48051e-05 662.599 -66.6323 0 4301.3 0 57272.7  
