 0 -10 2.30923e-05 -9.11023e-05 
 1 -9.96217 0.006761 0.318065 
 2 -9.87844 0.0532298 0.636084 
 3 -9.7945 0.110408 0.315605 
 4 -9.67446 0.118428 -0.118227 
 5 -9.54252 0.0778164 -0.463528 
 6 -9.30527 -0.0938095 -0.761827 
 7 -9.06986 -0.327996 -0.735971 
 8 -8.83371 -0.521068 -0.616176 
 9 -8.57466 -0.67702 -0.440139 
 10 -8.50545 -0.70597 -0.136735 
 11 -8.50774 -0.706552 0.18689 
 12 -8.5102 -0.707407 0.499985 
 13 -8.51229 -0.70881 0.818681 
 14 -8.51327 -0.71055 1.12047 
 15 -8.51395 -0.712817 1.42822 
 16 -8.51358 -0.715116 1.73758 
 17 -8.51529 -0.713644 2.07748 
 18 -8.52833 -0.695455 2.40474 
 19 -8.52231 -0.700356 2.8503 
 20 -8.52224 -0.69989 -3.10239 
 21 -8.5285 -0.704054 -2.6668 
 22 -8.5274 -0.693367 -2.2554 
 23 -8.52575 -0.700345 -1.89046 
 24 -8.52398 -0.703481 -1.5989 
 25 -8.52515 -0.707641 -1.29105 
 26 -8.52624 -0.705213 -0.958839 
 27 -8.52741 -0.703472 -0.633599 
 28 -8.51134 -0.711185 -0.321623 
 29 -8.51341 -0.711276 -0.0112935 
 30 -8.49585 -0.708609 0.304987 
 31 -8.49841 -0.709633 0.610858 
 32 -8.50083 -0.71142 0.924235 
 33 -8.50136 -0.703392 1.2273 
 34 -8.50137 -0.715557 1.53528 
 35 -8.5006 -0.717876 1.86696 
 36 -8.51949 -0.680524 2.18218 
 37 -8.53278 -0.667604 2.5909 
 38 -8.53535 -0.666344 2.96463 
 39 -8.53595 -0.669489 -2.89367 
 40 -8.54239 -0.670601 -2.52467 
 41 -8.54821 -0.675196 -2.1808 
 42 -8.5506 -0.682595 -1.8316 
 43 -8.54996 -0.689798 -1.48565 
 44 -8.5488 -0.698042 -1.17047 
 45 -8.53809 -0.713132 -0.797786 
 46 -8.52146 -0.724267 -0.480387 
 47 -8.50191 -0.731508 -0.17477 
 48 -8.50381 -0.733547 0.131525 
 49 -8.4878 -0.728127 0.457582 
 50 -8.47371 -0.718609 0.783434 
 51 -8.47487 -0.720708 1.10424 
 52 -8.47502 -0.722563 1.40544 
 53 -8.4745 -0.724441 1.71309 
 54 -8.52413 -0.423158 1.55195 
 55 -8.51847 -0.121293 1.55205 
 56 -8.51288 0.178877 1.55217 
 57 -8.50731 0.480238 1.55243 
 58 -8.50182 0.78073 1.55263 
 59 -8.49636 1.08187 1.55279 
 60 -8.49263 1.40143 1.5893 
 61 -8.49905 1.70577 1.58808 
 62 -8.49784 2.01575 1.50325 
 63 -8.46283 2.18794 1.20273 
 64 -8.3474 2.35741 0.821645 
 65 -8.17112 2.4892 0.478349 
 66 -8.00167 2.55773 0.141143 
 67 -7.737 2.56247 -0.1524 
 68 -7.73441 2.56052 -0.551034 
 69 -7.73261 2.56077 -0.844356 
 70 -7.73133 2.55887 -1.23355 
 71 -7.73046 2.55618 -1.58366 
 72 -7.72993 2.5527 -1.90967 
 73 -7.731 2.54974 -2.2119 
 74 -7.73807 2.54395 -2.53061 
 75 -7.78075 2.5252 -2.83447 
 76 -8.08566 2.49425 -3.04168 
 77 -8.22187 2.46071 -2.70176 
 78 -8.36876 2.35592 -2.36223 
 79 -8.49406 2.18592 -2.04073 
 80 -8.54899 2.02626 -1.73793 
 81 -8.55402 1.95263 -1.34732 
 82 -8.55139 1.94103 -1.0397 
 83 -8.51819 1.86564 -1.34838 
 84 -8.49666 1.56649 -1.55169 
 85 -8.49199 1.2611 -1.56979 
 86 -8.49162 0.958554 -1.5696 
 87 -8.49103 0.617278 -1.5694 
 88 -8.49058 0.307587 -1.56936 
 89 -8.49009 0.00698145 -1.5694 
 90 -8.48961 -0.306406 -1.56937 
 91 -8.48792 -0.610667 -1.51961 
 92 -8.46701 -0.765416 -1.19836 
 93 -8.40886 -0.866272 -0.904047 
 94 -8.30382 -0.967906 -0.572495 
 95 -8.07184 -1.06348 -0.236424 
 96 -7.78525 -1.08929 0.0650437 
 97 -7.53379 -1.069 -0.413032 
 98 -7.4778 -1.1137 -0.832347 
 99 -7.43303 -1.17942 -1.13588 
 100 -7.35909 -1.36834 -1.45223 
 101 -7.38153 -1.67472 -1.56768 
 102 -7.33975 -2.01098 -1.34311 
 103 -7.24756 -2.30613 -1.21124 
 104 -7.13554 -2.60522 -1.2293 
 105 -7.0442 -2.92703 -1.36059 
 106 -7.00356 -3.21708 -1.49686 
 107 -6.995 -3.54962 -1.58347 
 108 -7.00206 -3.86359 -1.59454 
 109 -7.00975 -4.18774 -1.59451 
 110 -7.01785 -4.52945 -1.59448 
 111 -7.02527 -4.84329 -1.59446 
 112 -7.02974 -5.15179 -1.56776 
 113 -7.0286 -5.49234 -1.56745 
 114 -7.02753 -5.80839 -1.56742 
 115 -7.02641 -6.13739 -1.56739 
 116 -7.02527 -6.4706 -1.56736 
 117 -7.02418 -6.7849 -1.56732 
 118 -7.02303 -7.1104 -1.56728 
 119 -7.02181 -7.45271 -1.56724 
 120 -7.02068 -7.76667 -1.5672 
 121 -7.01875 -8.0575 -1.54817 
 122 -6.99411 -8.38197 -1.3302 
 123 -6.93902 -8.50084 -0.978584 
 124 -6.81567 -8.62493 -0.591119 
 125 -6.63339 -8.70966 -0.284256 
 126 -6.39715 -8.73368 0.0692814 
 127 -6.20211 -8.70027 0.412534 
 128 -6.05868 -8.59674 0.743985 
 129 -5.94736 -8.45361 1.05187 
 130 -5.84294 -8.15117 1.32746 
 131 -5.76355 -7.84409 1.29176 
 132 -5.63997 -7.52243 1.11318 
 133 -5.46513 -7.23887 0.967571 
 134 -5.36313 -7.09203 1.30472 
 135 -5.36265 -7.0739 1.63563 
 136 -5.3602 -7.07716 2.05587 
 137 -5.35786 -7.10043 2.39995 
 138 -5.3568 -7.09153 2.71011 
 139 -5.36539 -7.11231 3.12821 
 140 -5.40155 -7.10764 -2.7662 
 141 -5.46324 -7.12572 -2.43094 
 142 -5.53839 -7.25643 -2.11081 
 143 -5.58631 -7.36433 -1.76495 
 144 -5.58636 -7.66472 -1.45831 
 145 -5.54737 -7.99303 -1.45728 
 146 -5.52401 -8.29892 -1.54865 
 147 -5.53272 -8.61488 -1.63777 
 148 -5.55756 -8.92058 -1.65384 
 149 -5.58447 -9.23391 -1.65381 
 150 -5.61072 -9.55958 -1.65377 
 151 -5.6376 -9.88292 -1.65374 
 152 -5.66587 -10.213 -1.6537 
 153 -5.69191 -10.5366 -1.65367 
 154 -5.71872 -10.8596 -1.65361 
 155 -5.74641 -11.1933 -1.65357 
 156 -5.77179 -11.4993 -1.65353 
 157 -5.79751 -11.8333 -1.64063 
 158 -5.82182 -12.1811 -1.64057 
 159 -5.84417 -12.512 -1.62775 
 160 -5.86193 -12.8361 -1.62723 
 161 -5.88073 -13.1692 -1.62719 
 162 -5.89992 -13.5093 -1.62716 
 163 -5.91922 -13.8515 -1.62714 
 164 -5.93618 -14.1523 -1.62713 
 165 -5.95531 -14.4917 -1.6271 
 166 -5.97191 -14.8325 -1.59999 
 167 -5.98098 -15.1474 -1.5996 
 168 -5.98724 -15.4652 -1.57284 
 169 -5.98818 -15.8083 -1.57363 
 170 -5.98906 -16.1249 -1.57361 
 171 -5.98994 -16.4399 -1.57358 
 172 -5.99079 -16.7468 -1.57355 
 173 -5.99166 -17.0647 -1.57352 
 174 -5.99249 -17.3727 -1.57348 
 175 -5.99335 -17.6964 -1.57344 
 176 -5.99419 -18.0107 -1.57342 
 177 -5.99501 -18.3287 -1.57342 
 178 -5.99574 -18.6316 -1.57333 
 179 -5.99645 -18.9318 -1.57314 
 180 -5.99713 -19.2224 -1.57296 
 181 -5.99775 -19.5229 -1.57276 
 182 -5.99828 -19.8348 -1.57257 
 183 -5.99876 -20.1352 -1.57241 
 184 -5.99918 -20.4353 -1.57222 
 185 -5.99957 -20.7356 -1.57201 
 186 -5.99989 -21.0361 -1.57178 
 187 -6.00017 -21.3671 -1.57113 
 188 -6.00024 -21.701 -1.57114 
 189 -6.00034 -22.0071 -1.57113 
 190 -6.00044 -22.3399 -1.57109 
 191 -6.00052 -22.6551 -1.57106 
 192 -6.00061 -22.9788 -1.57104 
 193 -5.99839 -23.3122 -1.54472 
 194 -5.9907 -23.6176 -1.54595 
 195 -5.98243 -23.9609 -1.55352 
 196 -5.98186 -24.2851 -1.57241 
 197 -5.98236 -24.5992 -1.57236 
 198 -5.98283 -24.9038 -1.57257 
