 0 9.99998 2.30607e-05 -9.10591e-05 
 1 10.0614 0.0119801 0.370019 
 2 10.1267 0.0402338 0.704234 
 3 10.1577 0.0717713 1.02323 
 4 10.1575 0.0680059 1.37361 
 5 10.1563 0.0646234 1.79896 
 6 10.1573 0.0723166 2.11973 
 7 10.1592 0.0699793 2.42731 
 8 10.1603 0.0579013 2.75062 
 9 10.0757 0.0742638 -3.06334 
 10 10.0072 0.0553125 -2.65512 
 11 9.94146 -0.00608355 -2.29454 
 12 9.87983 -0.107181 -1.98417 
 13 9.80746 -0.438838 -1.68847 
 14 9.77078 -0.766786 -1.69632 
 15 9.71605 -1.08245 -1.8134 
 16 9.61179 -1.39171 -1.95673 
 17 9.47524 -1.70532 -1.98748 
 18 9.34783 -1.9932 -1.98746 
 19 9.21638 -2.29022 -1.9874 
 20 9.07829 -2.60229 -1.98736 
 21 8.9507 -2.88068 -1.98733 
 22 8.8194 -3.18747 -1.98729 
 23 8.69496 -3.46876 -1.98725 
 24 8.56726 -3.75748 -1.98722 
 25 8.44281 -4.03885 -1.98718 
 26 8.31089 -4.33662 -1.99404 
 27 8.18261 -4.60007 -2.01349 
 28 8.04016 -4.91057 -2.01345 
 29 7.89332 -5.22036 -2.0134 
 30 7.74724 -5.52858 -2.01335 
 31 7.61599 -5.80556 -2.0133 
 32 7.47724 -6.09842 -2.01326 
 33 7.3483 -6.37057 -2.01321 
 34 7.2094 -6.67507 -1.97951 
 35 7.09052 -6.96526 -1.93475 
 36 7.02331 -7.26525 -1.62643 
 37 7.01901 -7.59087 -1.57304 
 38 7.0183 -7.91159 -1.5731 
 39 7.01759 -8.22579 -1.57304 
 40 7.00078 -8.38628 -1.89539 
 41 6.84608 -8.65583 -2.17727 
 42 6.65608 -8.91983 -2.17313 
 43 6.48728 -9.16907 -2.2068 
 44 6.40942 -9.30561 -1.90177 
 45 6.4005 -9.33297 -2.21248 
 46 6.35372 -9.37081 -2.51813 
 47 6.2232 -9.47638 -2.20806 
 48 6.12926 -9.67031 -1.88648 
 49 6.05 -9.98304 -1.83737 
 50 5.95163 -10.2734 -1.91173 
 51 5.84335 -10.5776 -1.92147 
 52 5.71989 -10.8956 -1.9454 
 53 5.59961 -11.1835 -1.97912 
 54 5.47051 -11.4819 -1.97909 
 55 5.33433 -11.7967 -1.97904 
 56 5.20943 -12.0855 -1.97899 
 57 5.08343 -12.3769 -1.97893 
 58 4.94484 -12.6892 -1.99115 
 59 4.81602 -12.9674 -1.99111 
 60 4.68364 -13.2736 -1.99107 
 61 4.54399 -13.5862 -1.99102 
 62 4.41463 -13.8757 -1.99098 
 63 4.28238 -14.1718 -1.99099 
 64 4.19007 -14.4125 -1.62188 
 65 4.20848 -14.7278 -1.45206 
 66 4.25989 -15.065 -1.40904 
 67 4.30648 -15.3622 -1.42198 
 68 4.35071 -15.7018 -1.45432 
 69 4.38403 -16.0434 -1.49247 
 70 4.40594 -16.3486 -1.50004 
 71 4.43919 -16.6616 -1.4138 
 72 4.49955 -16.9716 -1.34042 
 73 4.57722 -17.2853 -1.31001 
 74 4.66652 -17.6166 -1.29773 
 75 4.75216 -17.9207 -1.28543 
 76 4.84769 -18.2321 -1.27144 
 77 4.94617 -18.5512 -1.27142 
 78 5.0398 -18.8545 -1.27141 
 79 5.1354 -19.1642 -1.27141 
 80 5.23646 -19.5016 -1.2714 
 81 5.32989 -19.7942 -1.27138 
 82 5.4254 -20.1036 -1.27138 
 83 5.52482 -20.4257 -1.27138 
 84 5.61361 -20.7133 -1.27137 
 85 5.712 -21.0319 -1.27131 
 86 5.8099 -21.349 -1.27128 
 87 5.90255 -21.649 -1.27128 
 88 5.99005 -21.9555 -1.33725 
 89 6.0545 -22.2766 -1.3981 
 90 6.12966 -22.5464 -1.09116 
 91 6.23539 -22.6915 -0.738304 
 92 6.34289 -22.7736 -0.409601 
 93 6.53767 -22.8187 -0.105551 
 94 6.76407 -22.8061 0.201918 
 95 7.05575 -22.7069 0.45305 
 96 7.19616 -22.6303 0.127533 
 97 7.20786 -22.6295 -0.341878 
 98 7.21211 -22.634 -0.626805 
 99 7.21967 -22.642 -1.10395 
 100 7.21915 -22.6794 -1.56411 
 101 7.2011 -22.7538 -1.96981 
 102 7.16086 -22.8207 -2.28363 
 103 7.06487 -22.8994 -2.6065 
 104 6.87658 -22.9668 -2.96667 
 105 6.56236 -22.9726 3.07552 
 106 6.23975 -22.9502 3.08356 
 107 5.89984 -22.9494 -3.06871 
 108 5.58761 -22.9852 -2.99554 
 109 5.26802 -23.0382 -2.96733 
 110 4.93153 -23.1044 -2.92814 
 111 4.6239 -23.1734 -2.92017 
 112 4.31659 -23.24 -2.93247 
 113 4.08151 -23.2801 3.04012 
 114 4.07833 -23.2796 2.71613 
 115 4.06723 -23.2726 2.40384 
 116 4.06514 -23.27 2.07904 
 117 4.06317 -23.2578 1.70248 
 118 4.0627 -23.2537 1.42075 
 119 4.09833 -22.9537 1.49415 
 120 4.12127 -22.6541 1.49438 
 121 4.12122 -22.3539 1.58332 
 122 4.11744 -22.053 1.58347 
 123 4.1136 -21.7472 1.5836 
 124 4.10971 -21.4466 1.58377 
 125 4.10572 -21.1445 1.58396 
 126 4.10174 -20.844 1.58415 
 127 4.09773 -20.5437 1.58432 
 128 4.09359 -20.2384 1.58443 
 129 4.08946 -19.9379 1.58463 
 130 4.08854 -19.6351 1.5527 
 131 4.09489 -19.2936 1.5522 
 132 4.10058 -18.9874 1.55223 
 133 4.10639 -18.6745 1.55224 
 134 4.11222 -18.3697 1.55229 
 135 4.11818 -18.0368 1.55233 
 136 4.11798 -17.7049 1.58033 
 137 4.11136 -17.3893 1.60739 
 138 4.0969 -17.0863 1.62161 
 139 4.07959 -16.7458 1.62163 
 140 4.0643 -16.4355 1.62167 
 141 4.05486 -16.1357 1.59669 
 142 4.02877 -15.8332 1.80522 
 143 3.97545 -15.7025 2.20012 
 144 3.90148 -15.626 2.53856 
 145 3.67265 -15.5137 2.8329 
 146 3.42028 -15.472 3.13492 
 147 3.16616 -15.5089 -2.7918 
 148 3.01796 -15.5903 -2.47502 
 149 2.90476 -15.7129 -2.13566 
 150 2.86322 -15.8008 -1.82987 
 151 2.84195 -16.1184 -1.71458 
 152 2.78765 -16.3521 -2.01975 
 153 2.74667 -16.4031 -2.32637 
 154 2.62801 -16.4978 -2.62716 
 155 2.49247 -16.5418 -2.93407 
 156 2.24119 -16.5647 3.03995 
 157 1.94275 -16.5308 3.07765 
 158 1.64236 -16.5234 3.13064 
 159 1.34021 -16.5201 3.13076 
 160 1.03974 -16.5168 3.13093 
 161 0.737556 -16.5136 3.13111 
 162 0.523564 -16.5111 2.81923 
 163 0.514942 -16.5077 2.45547 
 164 0.512485 -16.5064 2.10698 
 165 0.504286 -16.4837 1.81504 
 166 0.50245 -16.4813 1.49703 
 167 0.504867 -16.4685 1.19902 
 168 0.505632 -16.4661 0.878321 
 169 0.510878 -16.4623 0.569512 
 170 0.568778 -16.4387 0.252844 
 171 0.892879 -16.4091 0.0148822 
 172 1.20964 -16.4069 0.00580249 
 173 1.52639 -16.4051 0.00583878 
