 0 0.999981 8.00002 -9.15907e-05 
 1 1.02673 8.00776 0.316207 
 2 1.11275 8.05325 0.627757 
 3 1.1262 8.08505 0.953058 
 4 1.13329 8.07997 1.29402 
 5 1.13364 8.07797 1.71306 
 6 1.14296 8.08795 1.9939 
 7 1.10307 8.13634 2.46122 
 8 1.03212 8.16571 2.93522 
 9 0.938041 8.16668 -3.00169 
 10 0.770846 8.11071 -2.58942 
 11 0.568851 7.93243 -2.29297 
 12 0.355504 7.66305 -2.25652 
 13 0.151771 7.43132 -2.33932 
 14 -0.0975639 7.20852 -2.49691 
 15 -0.381311 7.01622 -2.57438 
 16 -0.639925 6.85546 -2.58891 
 17 -0.91488 6.69745 -2.6629 
 18 -1.205 6.55683 -2.72569 
 19 -1.50409 6.42466 -2.72564 
 20 -1.81495 6.28584 -2.68899 
 21 -2.0907 6.13922 -2.59722 
 22 -2.35981 5.96095 -2.51956 
 23 -2.60997 5.77249 -2.44581 
 24 -2.82394 5.56141 -2.30657 
 25 -3.04601 5.32708 -2.34226 
 26 -3.26357 5.05363 -2.1663 
 27 -3.43647 4.77021 -2.07862 
 28 -3.57471 4.4883 -1.9911 
 29 -3.69228 4.18536 -1.88631 
 30 -3.78684 3.85831 -1.82784 
 31 -3.8605 3.55797 -1.80213 
 32 -3.9534 3.25646 -1.96816 
 33 -4.08661 2.98658 -2.08796 
 34 -4.25308 2.71765 -2.1554 
 35 -4.42716 2.45523 -2.15656 
 36 -4.61878 2.17385 -2.18084 
 37 -4.80972 1.90066 -2.18081 
 38 -4.98831 1.64513 -2.18078 
 39 -5.16518 1.39204 -2.18075 
 40 -5.34491 1.13437 -2.17258 
 41 -5.5311 0.854093 -2.15417 
 42 -5.72001 0.567549 -2.14905 
 43 -5.87607 0.307341 -2.08179 
 44 -5.94988 0.133117 -1.78096 
 45 -5.95078 0.128653 -2.08132 
 46 -5.95061 0.0647552 -1.7064 
 47 -5.94601 -0.170889 -1.42543 
 48 -5.8737 -0.518721 -1.29957 
 49 -5.78019 -0.855822 -1.29137 
 50 -5.69388 -1.14655 -1.29133 
 51 -5.60428 -1.45878 -1.29133 
 52 -5.52415 -1.75902 -1.31636 
 53 -5.44287 -2.06155 -1.31638 
 54 -5.36584 -2.35773 -1.31636 
 55 -5.28558 -2.67665 -1.32918 
 56 -5.20807 -2.99115 -1.32917 
 57 -5.13249 -3.28785 -1.32916 
 58 -5.05015 -3.63195 -1.32916 
 59 -4.9765 -3.9308 -1.32914 
 60 -4.90074 -4.23817 -1.32913 
 61 -4.81911 -4.55935 -1.32911 
 62 -4.7437 -4.87523 -1.3291 
 63 -4.66601 -5.18038 -1.32909 
 64 -4.58376 -5.51397 -1.32907 
 65 -4.51013 -5.82259 -1.32906 
 66 -4.43517 -6.12656 -1.329 
 67 -4.35936 -6.43393 -1.329 
 68 -4.2819 -6.73795 -1.31712 
 69 -4.20428 -7.03731 -1.31708 
 70 -4.12224 -7.35371 -1.31707 
 71 -4.04108 -7.66669 -1.31709 
 72 -3.96177 -7.97255 -1.31708 
 73 -3.87764 -8.297 -1.317 
 74 -3.80375 -8.60875 -1.6052 
 75 -3.80297 -8.57149 -2.00303 
 76 -3.80729 -8.61393 -2.32999 
 77 -3.8224 -8.58198 -2.86791 
 78 -3.85755 -8.59811 3.02699 
 79 -3.92759 -8.56867 2.57906 
 80 -3.97881 -8.52477 2.25408 
 81 -4.03614 -8.40505 1.80172 
 82 -4.05056 -8.26649 1.49962 
 83 -3.98368 -7.95743 1.29634 
 84 -3.90053 -7.66179 1.29652 
 85 -3.84999 -7.48517 1.60694 
 86 -3.84927 -7.48754 1.90973 
 87 -3.98186 -7.20132 1.8422 
 88 -4.0377 -6.89113 1.67654 
 89 -4.05853 -6.59016 1.61558 
 90 -4.06058 -6.27007 1.55181 
 91 -4.05233 -5.93718 1.5453 
 92 -4.0445 -5.62977 1.54534 
 93 -4.03571 -5.29182 1.53929 
 94 -4.01502 -4.99172 1.44667 
 95 -3.95828 -4.68044 1.37698 
 96 -3.90203 -4.36148 1.42615 
 97 -3.86666 -4.05145 1.49047 
 98 -3.84408 -3.69902 1.5249 
 99 -3.83334 -3.38556 1.55137 
 100 -3.83177 -3.07988 1.57859 
 101 -3.83446 -2.7707 1.58859 
 102 -3.84944 -2.47899 1.63987 
 103 -3.84837 -2.37287 1.32297 
 104 -3.84622 -2.36561 1.02246 
 105 -3.8447 -2.36358 0.707568 
 106 -3.83415 -2.3568 0.400262 
 107 -3.82959 -2.35669 0.0914673 
 108 -3.82573 -2.35553 -0.266121 
 109 -3.54011 -2.45133 -0.0867293 
 110 -3.2398 -2.45399 -0.00237715 
 111 -3.02948 -2.45494 0.316825 
 112 -3.03352 -2.45577 0.673475 
 113 -3.03346 -2.4564 1.07533 
 114 -3.03076 -2.44836 1.39199 
 115 -3.03168 -2.42045 1.69692 
 116 -3.03433 -2.40273 1.99951 
 117 -3.03323 -2.40466 2.30247 
 118 -3.0399 -2.4003 2.60966 
 119 -3.12805 -2.37043 2.94046 
 120 -3.42929 -2.35528 3.1274 
 121 -3.74173 -2.34498 2.83753 
 122 -3.86018 -2.28401 2.54446 
 123 -3.93405 -2.21785 2.21476 
 124 -4.03485 -2.01919 1.91167 
 125 -4.10668 -1.69165 1.6666 
 126 -4.1123 -1.38461 1.52474 
 127 -4.0867 -1.06431 1.48335 
 128 -4.05664 -0.721374 1.48339 
 129 -4.03176 -0.398656 1.51106 
 130 -4.01357 -0.081212 1.51936 
 131 -3.98598 0.134395 1.21804 
 132 -3.89243 0.302448 0.874555 
 133 -3.75878 0.414196 0.567891 
 134 -3.52285 0.515623 0.245378 
 135 -3.2757 0.543473 -0.0597159 
 136 -3.09018 0.506909 -0.384419 
 137 -2.91636 0.401646 -0.721157 
 138 -2.80895 0.274522 -1.05668 
 139 -2.77993 0.202733 -1.37311 
 140 -2.77739 0.167156 -1.68504 
 141 -2.7925 -0.140441 -1.50034 
 142 -2.73733 -0.44855 -1.29967 
 143 -2.6265 -0.754878 -1.17646 
 144 -2.48983 -1.0668 -1.13474 
 145 -2.34336 -1.32937 -0.979053 
 146 -2.13858 -1.57305 -0.955014 
 147 -2.05915 -1.72365 -1.22837 
 148 -2.00902 -2.02032 -1.52049 
 149 -1.99789 -2.32117 -1.54603 
 150 -1.99047 -2.62171 -1.54592 
 151 -1.983 -2.92263 -1.54591 
 152 -1.98107 -3.22396 -1.57275 
 153 -1.98167 -3.52402 -1.57259 
 154 -1.98222 -3.82404 -1.57244 
 155 -1.98278 -4.12407 -1.57246 
 156 -1.98327 -4.42467 -1.57231 
 157 -1.98372 -4.73071 -1.57214 
 158 -1.98415 -5.03142 -1.57204 
 159 -2.00151 -5.25814 -1.8735 
 160 -2.05016 -5.35995 -2.19103 
 161 -2.14923 -5.46242 -2.49456 
 162 -2.36025 -5.58072 -2.79495 
 163 -2.49102 -5.60314 -3.1056 
 164 -2.79527 -5.60713 -3.12814 
 165 -2.97435 -5.60112 2.81576 
 166 -2.97892 -5.5999 2.43896 
 167 -2.98094 -5.59856 2.0245 
 168 -2.9807 -5.5978 1.72675 
 169 -2.97996 -5.57518 1.41175 
 170 -2.97941 -5.57238 1.09659 
 171 -2.97814 -5.57013 0.796659 
 172 -2.97597 -5.5687 0.487656 
 173 -2.8653 -5.53959 0.150016 
 174 -2.5639 -5.51866 0.0116591 
 175 -2.25366 -5.50212 0.231328 
 176 -2.16474 -5.46845 0.560778 
 177 -2.10081 -5.40605 0.914131 
 178 -1.98302 -5.19257 1.24406 
 179 -1.91689 -4.88627 1.4465 
 180 -1.90298 -4.56945 1.59543 
 181 -1.91988 -4.23274 1.63239 
 182 -1.94101 -3.92386 1.63976 
 183 -1.96324 -3.60221 1.63979 
 184 -1.97896 -3.29712 1.60747 
 185 -1.98514 -2.99595 1.58707 
 186 -1.99038 -2.67439 1.58711 
 187 -1.99143 -2.34185 1.5607 
 188 -1.98868 -2.03205 1.57314 
 189 -2.01304 -1.76026 1.915 
 190 -2.15145 -1.46679 2.1359 
 191 -2.32439 -1.17282 2.13534 
 192 -2.46211 -0.901488 2.0535 
 193 -2.61075 -0.60394 2.02846 
 194 -2.74426 -0.308184 1.93508 
 195 -2.82902 -0.0183599 1.71526 
 196 -2.88418 0.297085 1.9936 
 197 -2.95213 0.392764 2.33313 
 198 -3.09998 0.503925 2.65205 
 199 -3.31322 0.579309 2.95604 
 200 -3.53818 0.59573 -2.98182 
 201 -3.74937 0.517857 -2.67399 
 202 -3.90897 0.411414 -2.3536 
 203 -4.02115 0.247294 -2.05259 
 204 -4.10671 -0.0173807 -1.72922 
 205 -4.12239 -0.321386 -1.55402 
 206 -4.10604 -0.6486 -1.50304 
 207 -4.0913 -0.988675 -1.57199 
 208 -4.11093 -1.30464 -1.67608 
 209 -4.15102 -1.61833 -1.69694 
 210 -4.18878 -1.9161 -1.6969 
 211 -4.23185 -2.24459 -1.7241 
 212 -4.28011 -2.55594 -1.72463 
 213 -4.32848 -2.85792 -1.72458 
 214 -4.37538 -3.17056 -1.72452 
 215 -4.42377 -3.47289 -1.72448 
 216 -4.47207 -3.78481 -1.72444 
 217 -4.52185 -4.10624 -1.72441 
 218 -4.57408 -4.44365 -1.72434 
 219 -4.62007 -4.74082 -1.72431 
 220 -4.67238 -5.089 -1.72426 
 221 -4.71898 -5.4088 -1.69742 
 222 -4.7577 -5.71304 -1.69739 
 223 -4.79971 -6.04314 -1.69735 
 224 -4.845 -6.39916 -1.69729 
 225 -4.8869 -6.72867 -1.69725 
 226 -4.92563 -7.03339 -1.69723 
 227 -4.96644 -7.35456 -1.69717 
 228 -5.00627 -7.6681 -1.69713 
 229 -5.04704 -7.98911 -1.6971 
 230 -5.09013 -8.32851 -1.69706 
 231 -5.128 -8.62687 -1.69702 
 232 -5.16999 -8.95784 -1.69697 
 233 -5.20609 -9.27213 -1.66975 
 234 -5.23789 -9.59256 -1.6697 
 235 -5.27076 -9.92391 -1.66967 
 236 -5.30187 -10.2377 -1.66963 
 237 -5.33222 -10.5438 -1.6696 
 238 -5.36267 -10.8411 -1.66957 
 239 -5.3963 -11.1906 -1.66953 
 240 -5.43016 -11.5254 -1.68262 
 241 -5.464 -11.8256 -1.68306 
 242 -5.50231 -12.1655 -1.68301 
 243 -5.53886 -12.4898 -1.68299 
 244 -5.57349 -12.7973 -1.68294 
